feature,mean_importance
Cingulum_Ant_R <=> Cerebelum_8_L,-0.016192351631303902
Frontal_Inf_Oper_R <=> Cerebelum_8_L,-0.014052068418445663
Frontal_Inf_Oper_L <=> Vermis_8,-0.011808316089041737
Temporal_Sup_L <=> Vermis_4_5,-0.0014832216977421764
Angular_R <=> Temporal_Mid_R,-0.0009271672518573748
Calcarine_R <=> Vermis_7,-0.00011471064614549941
Occipital_Sup_R <=> Vermis_3,0.0
Occipital_Sup_R <=> Vermis_1_2,0.0
Occipital_Sup_R <=> Cerebelum_10_R,0.0
Occipital_Sup_R <=> Cerebelum_10_L,0.0
Occipital_Sup_R <=> Cerebelum_9_R,0.0
Occipital_Sup_R <=> Cerebelum_9_L,0.0
Occipital_Sup_R <=> Cerebelum_8_R,0.0
Occipital_Sup_R <=> Cerebelum_8_L,0.0
Occipital_Sup_R <=> Cerebelum_7b_L,0.0
Occipital_Sup_R <=> Vermis_4_5,0.0
Occipital_Sup_R <=> Cerebelum_6_R,0.0
Occipital_Sup_R <=> Cerebelum_6_L,0.0
Occipital_Sup_R <=> Cerebelum_4_5_R,0.0
Occipital_Sup_R <=> Cerebelum_4_5_L,0.0
Occipital_Sup_R <=> Cerebelum_3_R,0.0
Occipital_Sup_R <=> Cerebelum_3_L,0.0
Occipital_Sup_R <=> Cerebelum_Crus2_R,0.0
Occipital_Sup_R <=> Cerebelum_Crus2_L,0.0
Occipital_Sup_R <=> Cerebelum_Crus1_R,0.0
Occipital_Sup_R <=> Cerebelum_7b_R,0.0
Occipital_Sup_R <=> Vermis_6,0.0
Occipital_Sup_R <=> Vermis_7,0.0
Occipital_Sup_R <=> Vermis_8,0.0
Occipital_Mid_L <=> Caudate_L,0.0
Occipital_Mid_L <=> Paracentral_Lobule_R,0.0
Occipital_Mid_L <=> Paracentral_Lobule_L,0.0
Occipital_Mid_L <=> Precuneus_R,0.0
Occipital_Mid_L <=> Precuneus_L,0.0
Occipital_Mid_L <=> Angular_R,0.0
Occipital_Mid_L <=> Angular_L,0.0
Occipital_Mid_L <=> SupraMarginal_R,0.0
Occipital_Mid_L <=> SupraMarginal_L,0.0
Occipital_Mid_L <=> Parietal_Inf_R,0.0
Occipital_Sup_R <=> Cerebelum_Crus1_L,0.0
Occipital_Mid_L <=> Parietal_Inf_L,0.0
Occipital_Mid_L <=> Parietal_Sup_L,0.0
Occipital_Mid_L <=> Postcentral_R,0.0
Occipital_Mid_L <=> Postcentral_L,0.0
Occipital_Mid_L <=> Fusiform_R,0.0
Occipital_Mid_L <=> Fusiform_L,0.0
Occipital_Mid_L <=> Occipital_Inf_R,0.0
Occipital_Mid_L <=> Occipital_Inf_L,0.0
Occipital_Mid_L <=> Occipital_Mid_R,0.0
Occipital_Sup_R <=> Vermis_10,0.0
Occipital_Sup_R <=> Vermis_9,0.0
Occipital_Mid_L <=> Parietal_Sup_R,0.0
Occipital_Sup_R <=> Temporal_Inf_R,0.0
Occipital_Sup_R <=> Temporal_Inf_L,0.0
Occipital_Sup_R <=> Temporal_Pole_Mid_R,0.0
Occipital_Sup_R <=> Parietal_Sup_R,0.0
Occipital_Sup_R <=> Parietal_Sup_L,0.0
Occipital_Sup_R <=> Postcentral_R,0.0
Occipital_Sup_R <=> Postcentral_L,0.0
Occipital_Sup_R <=> Fusiform_R,0.0
Occipital_Sup_R <=> Fusiform_L,0.0
Occipital_Sup_R <=> Occipital_Inf_R,0.0
Occipital_Sup_R <=> Occipital_Inf_L,0.0
Occipital_Sup_R <=> Occipital_Mid_R,0.0
Occipital_Sup_R <=> Occipital_Mid_L,0.0
Occipital_Sup_L <=> Vermis_10,0.0
Occipital_Sup_L <=> Vermis_9,0.0
Occipital_Sup_L <=> Vermis_8,0.0
Occipital_Sup_L <=> Vermis_7,0.0
Occipital_Sup_L <=> Vermis_6,0.0
Occipital_Sup_L <=> Vermis_4_5,0.0
Occipital_Sup_L <=> Vermis_3,0.0
Occipital_Sup_L <=> Vermis_1_2,0.0
Occipital_Sup_L <=> Cerebelum_10_R,0.0
Occipital_Sup_L <=> Cerebelum_10_L,0.0
Occipital_Sup_L <=> Cerebelum_9_R,0.0
Occipital_Sup_L <=> Cerebelum_9_L,0.0
Occipital_Sup_L <=> Cerebelum_8_R,0.0
Occipital_Sup_R <=> Parietal_Inf_L,0.0
Occipital_Mid_L <=> Caudate_R,0.0
Occipital_Sup_R <=> Parietal_Inf_R,0.0
Occipital_Sup_R <=> SupraMarginal_R,0.0
Occipital_Sup_R <=> Temporal_Pole_Mid_L,0.0
Occipital_Sup_R <=> Temporal_Mid_R,0.0
Occipital_Sup_R <=> Temporal_Mid_L,0.0
Occipital_Sup_R <=> Temporal_Pole_Sup_R,0.0
Occipital_Sup_R <=> Temporal_Pole_Sup_L,0.0
Occipital_Sup_R <=> Temporal_Sup_R,0.0
Occipital_Sup_R <=> Temporal_Sup_L,0.0
Occipital_Sup_R <=> Heschl_R,0.0
Occipital_Sup_R <=> Heschl_L,0.0
Occipital_Sup_R <=> Thalamus_R,0.0
Occipital_Sup_R <=> Thalamus_L,0.0
Occipital_Sup_R <=> Pallidum_R,0.0
Occipital_Sup_R <=> Pallidum_L,0.0
Occipital_Sup_R <=> Putamen_R,0.0
Occipital_Sup_R <=> Putamen_L,0.0
Occipital_Sup_R <=> Caudate_R,0.0
Occipital_Sup_R <=> Caudate_L,0.0
Occipital_Sup_R <=> Paracentral_Lobule_R,0.0
Occipital_Sup_R <=> Paracentral_Lobule_L,0.0
Occipital_Sup_R <=> Precuneus_R,0.0
Occipital_Sup_R <=> Precuneus_L,0.0
Occipital_Sup_R <=> Angular_R,0.0
Occipital_Sup_R <=> Angular_L,0.0
Occipital_Sup_R <=> SupraMarginal_L,0.0
Occipital_Mid_L <=> Putamen_L,0.0
Precentral_L <=> Precentral_R,0.0
Occipital_Sup_L <=> Cerebelum_8_L,0.0
Occipital_Mid_R <=> Temporal_Mid_R,0.0
Occipital_Mid_R <=> Temporal_Mid_L,0.0
Occipital_Mid_R <=> Temporal_Pole_Sup_R,0.0
Occipital_Mid_R <=> Temporal_Pole_Sup_L,0.0
Occipital_Mid_R <=> Temporal_Sup_R,0.0
Occipital_Mid_R <=> Temporal_Sup_L,0.0
Occipital_Mid_R <=> Heschl_R,0.0
Occipital_Mid_R <=> Heschl_L,0.0
Occipital_Mid_R <=> Thalamus_R,0.0
Occipital_Mid_R <=> Thalamus_L,0.0
Occipital_Mid_R <=> Temporal_Pole_Mid_L,0.0
Occipital_Mid_R <=> Pallidum_R,0.0
Occipital_Mid_R <=> Putamen_R,0.0
Occipital_Mid_R <=> Putamen_L,0.0
Occipital_Mid_R <=> Caudate_R,0.0
Occipital_Mid_R <=> Caudate_L,0.0
Occipital_Mid_R <=> Paracentral_Lobule_R,0.0
Occipital_Mid_R <=> Paracentral_Lobule_L,0.0
Occipital_Mid_R <=> Precuneus_R,0.0
Occipital_Mid_R <=> Precuneus_L,0.0
Occipital_Mid_R <=> Angular_R,0.0
Occipital_Mid_R <=> Angular_L,0.0
Occipital_Mid_R <=> Pallidum_L,0.0
Occipital_Mid_R <=> Temporal_Pole_Mid_R,0.0
Occipital_Mid_R <=> Temporal_Inf_L,0.0
Occipital_Mid_R <=> Temporal_Inf_R,0.0
Occipital_Mid_R <=> Vermis_7,0.0
Occipital_Mid_R <=> Vermis_6,0.0
Occipital_Mid_R <=> Vermis_4_5,0.0
Occipital_Mid_R <=> Vermis_3,0.0
Occipital_Mid_R <=> Vermis_1_2,0.0
Occipital_Mid_R <=> Cerebelum_10_R,0.0
Occipital_Mid_R <=> Cerebelum_10_L,0.0
Occipital_Mid_R <=> Cerebelum_9_R,0.0
Occipital_Mid_R <=> Cerebelum_9_L,0.0
Occipital_Mid_R <=> Cerebelum_8_R,0.0
Occipital_Mid_R <=> Cerebelum_8_L,0.0
Occipital_Mid_R <=> Cerebelum_7b_R,0.0
Occipital_Mid_R <=> Cerebelum_7b_L,0.0
Occipital_Mid_R <=> Cerebelum_6_R,0.0
Occipital_Mid_R <=> Cerebelum_6_L,0.0
Occipital_Mid_R <=> Cerebelum_4_5_R,0.0
Occipital_Mid_R <=> Cerebelum_4_5_L,0.0
Occipital_Mid_R <=> Cerebelum_3_R,0.0
Occipital_Mid_R <=> Cerebelum_3_L,0.0
Occipital_Mid_R <=> Cerebelum_Crus2_R,0.0
Occipital_Mid_R <=> Cerebelum_Crus2_L,0.0
Occipital_Mid_R <=> Cerebelum_Crus1_R,0.0
Occipital_Mid_R <=> Cerebelum_Crus1_L,0.0
Occipital_Mid_R <=> SupraMarginal_R,0.0
Occipital_Mid_L <=> Putamen_R,0.0
Occipital_Mid_R <=> SupraMarginal_L,0.0
Occipital_Mid_R <=> Parietal_Inf_L,0.0
Occipital_Mid_L <=> Cerebelum_4_5_L,0.0
Occipital_Mid_L <=> Cerebelum_3_R,0.0
Occipital_Mid_L <=> Cerebelum_3_L,0.0
Occipital_Mid_L <=> Cerebelum_Crus2_R,0.0
Occipital_Mid_L <=> Cerebelum_Crus2_L,0.0
Occipital_Mid_L <=> Cerebelum_Crus1_R,0.0
Occipital_Mid_L <=> Cerebelum_Crus1_L,0.0
Occipital_Mid_L <=> Temporal_Inf_R,0.0
Occipital_Mid_L <=> Temporal_Inf_L,0.0
Occipital_Mid_L <=> Temporal_Pole_Mid_R,0.0
Occipital_Mid_L <=> Cerebelum_4_5_R,0.0
Occipital_Mid_L <=> Temporal_Pole_Mid_L,0.0
Occipital_Mid_L <=> Temporal_Mid_L,0.0
Occipital_Mid_L <=> Temporal_Pole_Sup_R,0.0
Occipital_Mid_L <=> Temporal_Pole_Sup_L,0.0
Occipital_Mid_L <=> Temporal_Sup_R,0.0
Occipital_Mid_L <=> Temporal_Sup_L,0.0
Occipital_Mid_L <=> Heschl_R,0.0
Occipital_Mid_L <=> Heschl_L,0.0
Occipital_Mid_L <=> Thalamus_R,0.0
Occipital_Mid_L <=> Thalamus_L,0.0
Occipital_Mid_L <=> Pallidum_R,0.0
Occipital_Mid_L <=> Temporal_Mid_R,0.0
Occipital_Mid_L <=> Cerebelum_6_L,0.0
Occipital_Mid_L <=> Cerebelum_6_R,0.0
Occipital_Mid_L <=> Cerebelum_7b_L,0.0
Occipital_Mid_R <=> Parietal_Sup_R,0.0
Occipital_Mid_R <=> Parietal_Sup_L,0.0
Occipital_Mid_R <=> Postcentral_R,0.0
Occipital_Mid_R <=> Postcentral_L,0.0
Occipital_Mid_R <=> Fusiform_R,0.0
Occipital_Mid_R <=> Fusiform_L,0.0
Occipital_Mid_R <=> Occipital_Inf_R,0.0
Occipital_Mid_R <=> Occipital_Inf_L,0.0
Occipital_Mid_L <=> Vermis_10,0.0
Occipital_Mid_L <=> Vermis_9,0.0
Occipital_Mid_L <=> Vermis_8,0.0
Occipital_Mid_L <=> Vermis_7,0.0
Occipital_Mid_L <=> Vermis_6,0.0
Occipital_Mid_L <=> Vermis_4_5,0.0
Occipital_Mid_L <=> Vermis_3,0.0
Occipital_Mid_L <=> Vermis_1_2,0.0
Occipital_Mid_L <=> Cerebelum_10_R,0.0
Occipital_Mid_L <=> Cerebelum_10_L,0.0
Occipital_Mid_L <=> Cerebelum_9_R,0.0
Occipital_Mid_L <=> Cerebelum_9_L,0.0
Occipital_Mid_L <=> Cerebelum_8_R,0.0
Occipital_Mid_L <=> Cerebelum_8_L,0.0
Occipital_Mid_L <=> Cerebelum_7b_R,0.0
Occipital_Mid_R <=> Parietal_Inf_R,0.0
Occipital_Mid_L <=> Pallidum_L,0.0
Occipital_Sup_L <=> Cerebelum_7b_R,0.0
Occipital_Sup_L <=> Cerebelum_7b_L,0.0
Lingual_L <=> Cerebelum_7b_R,0.0
Lingual_L <=> Cerebelum_7b_L,0.0
Lingual_L <=> Cerebelum_6_R,0.0
Lingual_L <=> Cerebelum_6_L,0.0
Lingual_L <=> Cerebelum_4_5_R,0.0
Lingual_L <=> Cerebelum_4_5_L,0.0
Lingual_L <=> Cerebelum_3_R,0.0
Lingual_L <=> Cerebelum_3_L,0.0
Lingual_L <=> Cerebelum_Crus2_R,0.0
Lingual_L <=> Cerebelum_Crus2_L,0.0
Lingual_L <=> Cerebelum_8_L,0.0
Lingual_L <=> Cerebelum_Crus1_R,0.0
Lingual_L <=> Temporal_Inf_R,0.0
Lingual_L <=> Temporal_Inf_L,0.0
Lingual_L <=> Temporal_Pole_Mid_R,0.0
Lingual_L <=> Temporal_Pole_Mid_L,0.0
Lingual_L <=> Temporal_Mid_R,0.0
Lingual_L <=> Temporal_Mid_L,0.0
Lingual_L <=> Temporal_Pole_Sup_R,0.0
Lingual_L <=> Temporal_Pole_Sup_L,0.0
Lingual_L <=> Temporal_Sup_R,0.0
Lingual_L <=> Temporal_Sup_L,0.0
Lingual_L <=> Cerebelum_Crus1_L,0.0
Lingual_L <=> Cerebelum_8_R,0.0
Lingual_L <=> Cerebelum_9_L,0.0
Lingual_L <=> Cerebelum_9_R,0.0
Lingual_R <=> Parietal_Inf_L,0.0
Lingual_R <=> Parietal_Sup_R,0.0
Lingual_R <=> Parietal_Sup_L,0.0
Lingual_R <=> Postcentral_R,0.0
Lingual_R <=> Postcentral_L,0.0
Lingual_R <=> Fusiform_R,0.0
Lingual_R <=> Fusiform_L,0.0
Lingual_R <=> Occipital_Inf_R,0.0
Lingual_R <=> Occipital_Inf_L,0.0
Lingual_R <=> Occipital_Mid_R,0.0
Lingual_R <=> Occipital_Mid_L,0.0
Lingual_R <=> Occipital_Sup_R,0.0
Lingual_R <=> Occipital_Sup_L,0.0
Lingual_L <=> Vermis_10,0.0
Lingual_L <=> Vermis_9,0.0
Lingual_L <=> Vermis_8,0.0
Lingual_L <=> Vermis_7,0.0
Lingual_L <=> Vermis_6,0.0
Lingual_L <=> Vermis_4_5,0.0
Lingual_L <=> Vermis_3,0.0
Lingual_L <=> Vermis_1_2,0.0
Lingual_L <=> Cerebelum_10_R,0.0
Lingual_L <=> Cerebelum_10_L,0.0
Lingual_L <=> Heschl_R,0.0
Lingual_R <=> Parietal_Inf_R,0.0
Lingual_L <=> Heschl_L,0.0
Lingual_L <=> Thalamus_L,0.0
Lingual_L <=> Occipital_Sup_L,0.0
Lingual_L <=> Lingual_R,0.0
Cuneus_R <=> Vermis_10,0.0
Cuneus_R <=> Vermis_9,0.0
Cuneus_R <=> Vermis_8,0.0
Cuneus_R <=> Vermis_7,0.0
Cuneus_R <=> Vermis_6,0.0
Cuneus_R <=> Vermis_4_5,0.0
Cuneus_R <=> Vermis_3,0.0
Cuneus_R <=> Vermis_1_2,0.0
Lingual_L <=> Occipital_Sup_R,0.0
Cuneus_R <=> Cerebelum_10_R,0.0
Cuneus_R <=> Cerebelum_9_R,0.0
Cuneus_R <=> Cerebelum_9_L,0.0
Cuneus_R <=> Cerebelum_8_R,0.0
Cuneus_R <=> Cerebelum_8_L,0.0
Cuneus_R <=> Cerebelum_7b_R,0.0
Cuneus_R <=> Cerebelum_7b_L,0.0
Cuneus_R <=> Cerebelum_6_R,0.0
Cuneus_R <=> Cerebelum_6_L,0.0
Cuneus_R <=> Cerebelum_4_5_R,0.0
Cuneus_R <=> Cerebelum_4_5_L,0.0
Cuneus_R <=> Cerebelum_10_L,0.0
Lingual_L <=> Occipital_Mid_L,0.0
Lingual_L <=> Occipital_Mid_R,0.0
Lingual_L <=> Occipital_Inf_L,0.0
Lingual_L <=> Pallidum_R,0.0
Lingual_L <=> Pallidum_L,0.0
Lingual_L <=> Putamen_R,0.0
Lingual_L <=> Putamen_L,0.0
Lingual_L <=> Caudate_R,0.0
Lingual_L <=> Caudate_L,0.0
Lingual_L <=> Paracentral_Lobule_R,0.0
Lingual_L <=> Paracentral_Lobule_L,0.0
Lingual_L <=> Precuneus_R,0.0
Lingual_L <=> Precuneus_L,0.0
Lingual_L <=> Angular_R,0.0
Lingual_L <=> Angular_L,0.0
Lingual_L <=> SupraMarginal_R,0.0
Lingual_L <=> SupraMarginal_L,0.0
Lingual_L <=> Parietal_Inf_R,0.0
Lingual_L <=> Parietal_Inf_L,0.0
Lingual_L <=> Parietal_Sup_R,0.0
Lingual_L <=> Parietal_Sup_L,0.0
Lingual_L <=> Postcentral_R,0.0
Lingual_L <=> Postcentral_L,0.0
Lingual_L <=> Fusiform_R,0.0
Lingual_L <=> Fusiform_L,0.0
Lingual_L <=> Occipital_Inf_R,0.0
Lingual_L <=> Thalamus_R,0.0
Occipital_Mid_R <=> Vermis_8,0.0
Lingual_R <=> SupraMarginal_L,0.0
Lingual_R <=> Angular_L,0.0
Occipital_Sup_L <=> Putamen_L,0.0
Occipital_Sup_L <=> Caudate_R,0.0
Occipital_Sup_L <=> Caudate_L,0.0
Occipital_Sup_L <=> Paracentral_Lobule_R,0.0
Occipital_Sup_L <=> Paracentral_Lobule_L,0.0
Occipital_Sup_L <=> Precuneus_R,0.0
Occipital_Sup_L <=> Precuneus_L,0.0
Occipital_Sup_L <=> Angular_R,0.0
Occipital_Sup_L <=> Angular_L,0.0
Occipital_Sup_L <=> SupraMarginal_R,0.0
Occipital_Sup_L <=> Putamen_R,0.0
Occipital_Sup_L <=> SupraMarginal_L,0.0
Occipital_Sup_L <=> Parietal_Inf_L,0.0
Occipital_Sup_L <=> Parietal_Sup_R,0.0
Occipital_Sup_L <=> Parietal_Sup_L,0.0
Occipital_Sup_L <=> Postcentral_R,0.0
Occipital_Sup_L <=> Postcentral_L,0.0
Occipital_Sup_L <=> Fusiform_R,0.0
Occipital_Sup_L <=> Fusiform_L,0.0
Occipital_Sup_L <=> Occipital_Inf_R,0.0
Occipital_Sup_L <=> Occipital_Inf_L,0.0
Occipital_Sup_L <=> Occipital_Mid_R,0.0
Occipital_Sup_L <=> Parietal_Inf_R,0.0
Occipital_Sup_L <=> Pallidum_L,0.0
Occipital_Sup_L <=> Pallidum_R,0.0
Occipital_Sup_L <=> Thalamus_L,0.0
Occipital_Sup_L <=> Cerebelum_6_R,0.0
Occipital_Sup_L <=> Cerebelum_6_L,0.0
Occipital_Sup_L <=> Cerebelum_4_5_R,0.0
Occipital_Sup_L <=> Cerebelum_4_5_L,0.0
Occipital_Sup_L <=> Cerebelum_3_R,0.0
Occipital_Sup_L <=> Cerebelum_3_L,0.0
Occipital_Sup_L <=> Cerebelum_Crus2_R,0.0
Occipital_Sup_L <=> Cerebelum_Crus2_L,0.0
Occipital_Sup_L <=> Cerebelum_Crus1_R,0.0
Occipital_Sup_L <=> Cerebelum_Crus1_L,0.0
Occipital_Sup_L <=> Temporal_Inf_R,0.0
Occipital_Sup_L <=> Temporal_Inf_L,0.0
Occipital_Sup_L <=> Temporal_Pole_Mid_R,0.0
Occipital_Sup_L <=> Temporal_Pole_Mid_L,0.0
Occipital_Sup_L <=> Temporal_Mid_R,0.0
Occipital_Sup_L <=> Temporal_Mid_L,0.0
Occipital_Sup_L <=> Temporal_Pole_Sup_R,0.0
Occipital_Sup_L <=> Temporal_Pole_Sup_L,0.0
Occipital_Sup_L <=> Temporal_Sup_R,0.0
Occipital_Sup_L <=> Temporal_Sup_L,0.0
Occipital_Sup_L <=> Heschl_R,0.0
Occipital_Sup_L <=> Heschl_L,0.0
Occipital_Sup_L <=> Thalamus_R,0.0
Occipital_Sup_L <=> Occipital_Mid_L,0.0
Lingual_R <=> SupraMarginal_R,0.0
Occipital_Sup_L <=> Occipital_Sup_R,0.0
Lingual_R <=> Vermis_9,0.0
Lingual_R <=> Temporal_Pole_Mid_L,0.0
Lingual_R <=> Temporal_Mid_R,0.0
Lingual_R <=> Temporal_Mid_L,0.0
Lingual_R <=> Temporal_Pole_Sup_R,0.0
Lingual_R <=> Temporal_Pole_Sup_L,0.0
Lingual_R <=> Temporal_Sup_R,0.0
Lingual_R <=> Temporal_Sup_L,0.0
Lingual_R <=> Heschl_R,0.0
Lingual_R <=> Heschl_L,0.0
Lingual_R <=> Thalamus_R,0.0
Lingual_R <=> Temporal_Pole_Mid_R,0.0
Lingual_R <=> Thalamus_L,0.0
Lingual_R <=> Pallidum_L,0.0
Lingual_R <=> Putamen_R,0.0
Lingual_R <=> Putamen_L,0.0
Lingual_R <=> Caudate_R,0.0
Lingual_R <=> Caudate_L,0.0
Lingual_R <=> Paracentral_Lobule_R,0.0
Lingual_R <=> Paracentral_Lobule_L,0.0
Lingual_R <=> Precuneus_R,0.0
Lingual_R <=> Precuneus_L,0.0
Lingual_R <=> Angular_R,0.0
Lingual_R <=> Pallidum_R,0.0
Lingual_R <=> Temporal_Inf_L,0.0
Lingual_R <=> Temporal_Inf_R,0.0
Lingual_R <=> Cerebelum_Crus1_L,0.0
Lingual_R <=> Vermis_8,0.0
Lingual_R <=> Vermis_7,0.0
Lingual_R <=> Vermis_6,0.0
Lingual_R <=> Vermis_4_5,0.0
Lingual_R <=> Vermis_3,0.0
Lingual_R <=> Vermis_1_2,0.0
Lingual_R <=> Cerebelum_10_R,0.0
Lingual_R <=> Cerebelum_10_L,0.0
Lingual_R <=> Cerebelum_9_R,0.0
Lingual_R <=> Cerebelum_9_L,0.0
Lingual_R <=> Cerebelum_8_R,0.0
Lingual_R <=> Cerebelum_8_L,0.0
Lingual_R <=> Cerebelum_7b_R,0.0
Lingual_R <=> Cerebelum_7b_L,0.0
Lingual_R <=> Cerebelum_6_R,0.0
Lingual_R <=> Cerebelum_6_L,0.0
Lingual_R <=> Cerebelum_4_5_R,0.0
Lingual_R <=> Cerebelum_4_5_L,0.0
Lingual_R <=> Cerebelum_3_R,0.0
Lingual_R <=> Cerebelum_3_L,0.0
Lingual_R <=> Cerebelum_Crus2_R,0.0
Lingual_R <=> Cerebelum_Crus2_L,0.0
Lingual_R <=> Cerebelum_Crus1_R,0.0
Lingual_R <=> Vermis_10,0.0
Occipital_Mid_R <=> Vermis_9,0.0
Occipital_Inf_L <=> Occipital_Inf_R,0.0
Cuneus_R <=> Cerebelum_3_R,0.0
Postcentral_L <=> Cerebelum_6_L,0.0
Postcentral_L <=> Cerebelum_4_5_R,0.0
Postcentral_L <=> Cerebelum_4_5_L,0.0
Postcentral_L <=> Cerebelum_3_R,0.0
Postcentral_L <=> Cerebelum_3_L,0.0
Postcentral_L <=> Cerebelum_Crus2_R,0.0
Postcentral_L <=> Cerebelum_Crus2_L,0.0
Postcentral_L <=> Cerebelum_Crus1_R,0.0
Postcentral_L <=> Cerebelum_Crus1_L,0.0
Postcentral_L <=> Temporal_Inf_R,0.0
Postcentral_L <=> Cerebelum_6_R,0.0
Postcentral_L <=> Temporal_Inf_L,0.0
Postcentral_L <=> Temporal_Pole_Mid_L,0.0
Postcentral_L <=> Temporal_Mid_R,0.0
Postcentral_L <=> Temporal_Mid_L,0.0
Postcentral_L <=> Temporal_Pole_Sup_R,0.0
Postcentral_L <=> Temporal_Pole_Sup_L,0.0
Postcentral_L <=> Temporal_Sup_R,0.0
Postcentral_L <=> Temporal_Sup_L,0.0
Postcentral_L <=> Heschl_R,0.0
Postcentral_L <=> Heschl_L,0.0
Postcentral_L <=> Thalamus_R,0.0
Postcentral_L <=> Temporal_Pole_Mid_R,0.0
Postcentral_L <=> Thalamus_L,0.0
Postcentral_L <=> Cerebelum_7b_L,0.0
Postcentral_L <=> Cerebelum_8_L,0.0
Postcentral_R <=> Precuneus_L,0.0
Postcentral_R <=> Angular_R,0.0
Postcentral_R <=> Angular_L,0.0
Postcentral_R <=> SupraMarginal_R,0.0
Postcentral_R <=> SupraMarginal_L,0.0
Postcentral_R <=> Parietal_Inf_R,0.0
Postcentral_R <=> Parietal_Inf_L,0.0
Postcentral_R <=> Parietal_Sup_R,0.0
Postcentral_R <=> Parietal_Sup_L,0.0
Postcentral_L <=> Vermis_10,0.0
Postcentral_L <=> Cerebelum_7b_R,0.0
Postcentral_L <=> Vermis_9,0.0
Postcentral_L <=> Vermis_7,0.0
Postcentral_L <=> Vermis_6,0.0
Postcentral_L <=> Vermis_4_5,0.0
Postcentral_L <=> Vermis_3,0.0
Postcentral_L <=> Vermis_1_2,0.0
Postcentral_L <=> Cerebelum_10_R,0.0
Postcentral_L <=> Cerebelum_10_L,0.0
Postcentral_L <=> Cerebelum_9_R,0.0
Postcentral_L <=> Cerebelum_9_L,0.0
Postcentral_L <=> Cerebelum_8_R,0.0
Postcentral_L <=> Vermis_8,0.0
Postcentral_L <=> Pallidum_R,0.0
Postcentral_L <=> Pallidum_L,0.0
Postcentral_L <=> Putamen_R,0.0
Fusiform_R <=> Cerebelum_9_L,0.0
Fusiform_R <=> Cerebelum_8_R,0.0
Fusiform_R <=> Cerebelum_8_L,0.0
Fusiform_R <=> Cerebelum_7b_R,0.0
Fusiform_R <=> Cerebelum_7b_L,0.0
Fusiform_R <=> Cerebelum_6_R,0.0
Fusiform_R <=> Cerebelum_6_L,0.0
Fusiform_R <=> Cerebelum_4_5_R,0.0
Fusiform_R <=> Cerebelum_4_5_L,0.0
Fusiform_R <=> Cerebelum_3_R,0.0
Fusiform_R <=> Cerebelum_9_R,0.0
Fusiform_R <=> Cerebelum_3_L,0.0
Fusiform_R <=> Cerebelum_Crus2_L,0.0
Fusiform_R <=> Cerebelum_Crus1_R,0.0
Fusiform_R <=> Cerebelum_Crus1_L,0.0
Fusiform_R <=> Temporal_Inf_R,0.0
Fusiform_R <=> Temporal_Inf_L,0.0
Fusiform_R <=> Temporal_Pole_Mid_R,0.0
Fusiform_R <=> Temporal_Pole_Mid_L,0.0
Fusiform_R <=> Temporal_Mid_R,0.0
Fusiform_R <=> Temporal_Mid_L,0.0
Fusiform_R <=> Temporal_Pole_Sup_R,0.0
Fusiform_R <=> Cerebelum_Crus2_R,0.0
Fusiform_R <=> Cerebelum_10_L,0.0
Fusiform_R <=> Cerebelum_10_R,0.0
Fusiform_R <=> Vermis_1_2,0.0
Postcentral_L <=> Putamen_L,0.0
Postcentral_L <=> Caudate_R,0.0
Postcentral_L <=> Caudate_L,0.0
Postcentral_L <=> Paracentral_Lobule_R,0.0
Postcentral_L <=> Paracentral_Lobule_L,0.0
Postcentral_L <=> Precuneus_R,0.0
Postcentral_L <=> Precuneus_L,0.0
Postcentral_L <=> Angular_R,0.0
Postcentral_L <=> Angular_L,0.0
Postcentral_L <=> SupraMarginal_R,0.0
Postcentral_L <=> SupraMarginal_L,0.0
Postcentral_L <=> Parietal_Inf_R,0.0
Postcentral_L <=> Parietal_Inf_L,0.0
Postcentral_L <=> Parietal_Sup_R,0.0
Postcentral_L <=> Parietal_Sup_L,0.0
Postcentral_L <=> Postcentral_R,0.0
Fusiform_R <=> Vermis_10,0.0
Fusiform_R <=> Vermis_9,0.0
Fusiform_R <=> Vermis_8,0.0
Fusiform_R <=> Vermis_7,0.0
Fusiform_R <=> Vermis_6,0.0
Fusiform_R <=> Vermis_4_5,0.0
Fusiform_R <=> Vermis_3,0.0
Postcentral_R <=> Precuneus_R,0.0
Postcentral_R <=> Paracentral_Lobule_L,0.0
Postcentral_R <=> Paracentral_Lobule_R,0.0
Postcentral_R <=> Caudate_L,0.0
Parietal_Sup_L <=> Temporal_Inf_L,0.0
Parietal_Sup_L <=> Temporal_Pole_Mid_R,0.0
Parietal_Sup_L <=> Temporal_Pole_Mid_L,0.0
Parietal_Sup_L <=> Temporal_Mid_R,0.0
Parietal_Sup_L <=> Temporal_Mid_L,0.0
Parietal_Sup_L <=> Temporal_Pole_Sup_R,0.0
Parietal_Sup_L <=> Temporal_Pole_Sup_L,0.0
Parietal_Sup_L <=> Temporal_Sup_R,0.0
Parietal_Sup_L <=> Temporal_Sup_L,0.0
Parietal_Sup_L <=> Heschl_R,0.0
Parietal_Sup_L <=> Temporal_Inf_R,0.0
Parietal_Sup_L <=> Heschl_L,0.0
Parietal_Sup_L <=> Thalamus_L,0.0
Parietal_Sup_L <=> Pallidum_R,0.0
Parietal_Sup_L <=> Pallidum_L,0.0
Parietal_Sup_L <=> Putamen_R,0.0
Parietal_Sup_L <=> Putamen_L,0.0
Parietal_Sup_L <=> Caudate_R,0.0
Parietal_Sup_L <=> Caudate_L,0.0
Parietal_Sup_L <=> Paracentral_Lobule_R,0.0
Parietal_Sup_L <=> Paracentral_Lobule_L,0.0
Parietal_Sup_L <=> Precuneus_R,0.0
Parietal_Sup_L <=> Thalamus_R,0.0
Parietal_Sup_L <=> Cerebelum_Crus1_L,0.0
Parietal_Sup_L <=> Cerebelum_Crus1_R,0.0
Parietal_Sup_L <=> Cerebelum_Crus2_L,0.0
Parietal_Sup_L <=> Vermis_10,0.0
Parietal_Sup_L <=> Vermis_9,0.0
Parietal_Sup_L <=> Vermis_8,0.0
Parietal_Sup_L <=> Vermis_7,0.0
Parietal_Sup_L <=> Vermis_6,0.0
Parietal_Sup_L <=> Vermis_4_5,0.0
Parietal_Sup_L <=> Vermis_3,0.0
Parietal_Sup_L <=> Vermis_1_2,0.0
Parietal_Sup_L <=> Cerebelum_10_R,0.0
Parietal_Sup_L <=> Cerebelum_10_L,0.0
Parietal_Sup_L <=> Cerebelum_9_R,0.0
Parietal_Sup_L <=> Cerebelum_9_L,0.0
Parietal_Sup_L <=> Cerebelum_8_R,0.0
Parietal_Sup_L <=> Cerebelum_8_L,0.0
Parietal_Sup_L <=> Cerebelum_7b_R,0.0
Parietal_Sup_L <=> Cerebelum_7b_L,0.0
Parietal_Sup_L <=> Cerebelum_6_R,0.0
Parietal_Sup_L <=> Cerebelum_6_L,0.0
Parietal_Sup_L <=> Cerebelum_4_5_R,0.0
Parietal_Sup_L <=> Cerebelum_4_5_L,0.0
Parietal_Sup_L <=> Cerebelum_3_R,0.0
Parietal_Sup_L <=> Cerebelum_3_L,0.0
Parietal_Sup_L <=> Cerebelum_Crus2_R,0.0
Parietal_Sup_L <=> Precuneus_L,0.0
Fusiform_R <=> Temporal_Pole_Sup_L,0.0
Parietal_Sup_L <=> Angular_R,0.0
Parietal_Sup_L <=> SupraMarginal_R,0.0
Postcentral_R <=> Cerebelum_Crus2_L,0.0
Postcentral_R <=> Cerebelum_Crus1_R,0.0
Postcentral_R <=> Cerebelum_Crus1_L,0.0
Postcentral_R <=> Temporal_Inf_R,0.0
Postcentral_R <=> Temporal_Inf_L,0.0
Postcentral_R <=> Temporal_Pole_Mid_R,0.0
Postcentral_R <=> Temporal_Pole_Mid_L,0.0
Postcentral_R <=> Temporal_Mid_R,0.0
Postcentral_R <=> Temporal_Mid_L,0.0
Postcentral_R <=> Temporal_Pole_Sup_R,0.0
Postcentral_R <=> Cerebelum_Crus2_R,0.0
Postcentral_R <=> Temporal_Pole_Sup_L,0.0
Postcentral_R <=> Temporal_Sup_L,0.0
Postcentral_R <=> Heschl_R,0.0
Postcentral_R <=> Heschl_L,0.0
Postcentral_R <=> Thalamus_R,0.0
Postcentral_R <=> Thalamus_L,0.0
Postcentral_R <=> Pallidum_R,0.0
Postcentral_R <=> Pallidum_L,0.0
Postcentral_R <=> Putamen_R,0.0
Postcentral_R <=> Putamen_L,0.0
Postcentral_R <=> Caudate_R,0.0
Postcentral_R <=> Temporal_Sup_R,0.0
Postcentral_R <=> Cerebelum_3_L,0.0
Postcentral_R <=> Cerebelum_3_R,0.0
Postcentral_R <=> Cerebelum_4_5_L,0.0
Parietal_Sup_L <=> SupraMarginal_L,0.0
Parietal_Sup_L <=> Parietal_Inf_R,0.0
Parietal_Sup_L <=> Parietal_Inf_L,0.0
Parietal_Sup_L <=> Parietal_Sup_R,0.0
Postcentral_R <=> Vermis_10,0.0
Postcentral_R <=> Vermis_9,0.0
Postcentral_R <=> Vermis_8,0.0
Postcentral_R <=> Vermis_7,0.0
Postcentral_R <=> Vermis_6,0.0
Postcentral_R <=> Vermis_4_5,0.0
Postcentral_R <=> Vermis_3,0.0
Postcentral_R <=> Vermis_1_2,0.0
Postcentral_R <=> Cerebelum_10_R,0.0
Postcentral_R <=> Cerebelum_10_L,0.0
Postcentral_R <=> Cerebelum_9_R,0.0
Postcentral_R <=> Cerebelum_9_L,0.0
Postcentral_R <=> Cerebelum_8_R,0.0
Postcentral_R <=> Cerebelum_8_L,0.0
Postcentral_R <=> Cerebelum_7b_R,0.0
Postcentral_R <=> Cerebelum_7b_L,0.0
Postcentral_R <=> Cerebelum_6_R,0.0
Postcentral_R <=> Cerebelum_6_L,0.0
Postcentral_R <=> Cerebelum_4_5_R,0.0
Parietal_Sup_L <=> Angular_L,0.0
Fusiform_R <=> Temporal_Sup_R,0.0
Fusiform_R <=> Temporal_Sup_L,0.0
Fusiform_R <=> Heschl_R,0.0
Occipital_Inf_R <=> Precuneus_L,0.0
Occipital_Inf_R <=> Angular_R,0.0
Occipital_Inf_R <=> Angular_L,0.0
Occipital_Inf_R <=> SupraMarginal_R,0.0
Occipital_Inf_R <=> SupraMarginal_L,0.0
Occipital_Inf_R <=> Parietal_Inf_R,0.0
Occipital_Inf_R <=> Parietal_Inf_L,0.0
Occipital_Inf_R <=> Parietal_Sup_R,0.0
Occipital_Inf_R <=> Parietal_Sup_L,0.0
Occipital_Inf_R <=> Postcentral_R,0.0
Occipital_Inf_R <=> Precuneus_R,0.0
Occipital_Inf_R <=> Postcentral_L,0.0
Occipital_Inf_R <=> Fusiform_L,0.0
Occipital_Inf_L <=> Vermis_10,0.0
Occipital_Inf_L <=> Vermis_9,0.0
Occipital_Inf_L <=> Vermis_8,0.0
Occipital_Inf_L <=> Vermis_7,0.0
Occipital_Inf_L <=> Vermis_6,0.0
Occipital_Inf_L <=> Vermis_4_5,0.0
Occipital_Inf_L <=> Vermis_3,0.0
Occipital_Inf_L <=> Vermis_1_2,0.0
Occipital_Inf_L <=> Cerebelum_10_R,0.0
Occipital_Inf_R <=> Fusiform_R,0.0
Occipital_Inf_R <=> Paracentral_Lobule_L,0.0
Occipital_Inf_R <=> Paracentral_Lobule_R,0.0
Occipital_Inf_R <=> Caudate_L,0.0
Occipital_Inf_R <=> Cerebelum_Crus2_R,0.0
Occipital_Inf_R <=> Cerebelum_Crus2_L,0.0
Occipital_Inf_R <=> Cerebelum_Crus1_R,0.0
Occipital_Inf_R <=> Cerebelum_Crus1_L,0.0
Occipital_Inf_R <=> Temporal_Inf_R,0.0
Occipital_Inf_R <=> Temporal_Inf_L,0.0
Occipital_Inf_R <=> Temporal_Pole_Mid_R,0.0
Occipital_Inf_R <=> Temporal_Pole_Mid_L,0.0
Occipital_Inf_R <=> Temporal_Mid_R,0.0
Occipital_Inf_R <=> Temporal_Mid_L,0.0
Occipital_Inf_R <=> Temporal_Pole_Sup_R,0.0
Occipital_Inf_R <=> Temporal_Pole_Sup_L,0.0
Occipital_Inf_R <=> Temporal_Sup_R,0.0
Occipital_Inf_R <=> Temporal_Sup_L,0.0
Occipital_Inf_R <=> Heschl_R,0.0
Occipital_Inf_R <=> Heschl_L,0.0
Occipital_Inf_R <=> Thalamus_R,0.0
Occipital_Inf_R <=> Thalamus_L,0.0
Occipital_Inf_R <=> Pallidum_R,0.0
Occipital_Inf_R <=> Pallidum_L,0.0
Occipital_Inf_R <=> Putamen_R,0.0
Occipital_Inf_R <=> Putamen_L,0.0
Occipital_Inf_R <=> Caudate_R,0.0
Occipital_Inf_L <=> Cerebelum_10_L,0.0
Occipital_Inf_R <=> Cerebelum_3_L,0.0
Occipital_Inf_L <=> Cerebelum_9_R,0.0
Occipital_Inf_L <=> Cerebelum_8_R,0.0
Occipital_Inf_L <=> Pallidum_R,0.0
Occipital_Inf_L <=> Pallidum_L,0.0
Occipital_Inf_L <=> Putamen_R,0.0
Occipital_Inf_L <=> Putamen_L,0.0
Occipital_Inf_L <=> Caudate_R,0.0
Occipital_Inf_L <=> Caudate_L,0.0
Occipital_Inf_L <=> Paracentral_Lobule_R,0.0
Occipital_Inf_L <=> Paracentral_Lobule_L,0.0
Occipital_Inf_L <=> Precuneus_R,0.0
Occipital_Inf_L <=> Precuneus_L,0.0
Occipital_Inf_L <=> Thalamus_L,0.0
Occipital_Inf_L <=> Angular_R,0.0
Occipital_Inf_L <=> SupraMarginal_R,0.0
Occipital_Inf_L <=> SupraMarginal_L,0.0
Occipital_Inf_L <=> Parietal_Inf_R,0.0
Occipital_Inf_L <=> Parietal_Inf_L,0.0
Occipital_Inf_L <=> Parietal_Sup_R,0.0
Occipital_Inf_L <=> Parietal_Sup_L,0.0
Occipital_Inf_L <=> Postcentral_R,0.0
Occipital_Inf_L <=> Postcentral_L,0.0
Occipital_Inf_L <=> Fusiform_R,0.0
Occipital_Inf_L <=> Fusiform_L,0.0
Occipital_Inf_L <=> Angular_L,0.0
Occipital_Inf_L <=> Thalamus_R,0.0
Occipital_Inf_L <=> Heschl_L,0.0
Occipital_Inf_L <=> Heschl_R,0.0
Occipital_Inf_L <=> Cerebelum_8_L,0.0
Occipital_Inf_L <=> Cerebelum_7b_R,0.0
Occipital_Inf_L <=> Cerebelum_7b_L,0.0
Occipital_Inf_L <=> Cerebelum_6_R,0.0
Occipital_Inf_L <=> Cerebelum_6_L,0.0
Occipital_Inf_L <=> Cerebelum_4_5_R,0.0
Occipital_Inf_L <=> Cerebelum_4_5_L,0.0
Occipital_Inf_L <=> Cerebelum_3_R,0.0
Occipital_Inf_L <=> Cerebelum_3_L,0.0
Occipital_Inf_L <=> Cerebelum_Crus2_R,0.0
Occipital_Inf_L <=> Cerebelum_Crus2_L,0.0
Occipital_Inf_L <=> Cerebelum_Crus1_R,0.0
Occipital_Inf_L <=> Cerebelum_Crus1_L,0.0
Occipital_Inf_L <=> Temporal_Inf_R,0.0
Occipital_Inf_L <=> Temporal_Inf_L,0.0
Occipital_Inf_L <=> Temporal_Pole_Mid_R,0.0
Occipital_Inf_L <=> Temporal_Pole_Mid_L,0.0
Occipital_Inf_L <=> Temporal_Mid_R,0.0
Occipital_Inf_L <=> Temporal_Mid_L,0.0
Occipital_Inf_L <=> Temporal_Pole_Sup_R,0.0
Occipital_Inf_L <=> Temporal_Pole_Sup_L,0.0
Occipital_Inf_L <=> Temporal_Sup_R,0.0
Occipital_Inf_L <=> Temporal_Sup_L,0.0
Occipital_Inf_L <=> Cerebelum_9_L,0.0
Occipital_Mid_R <=> Vermis_10,0.0
Occipital_Inf_R <=> Cerebelum_3_R,0.0
Occipital_Inf_R <=> Cerebelum_4_5_R,0.0
Fusiform_L <=> Vermis_6,0.0
Fusiform_L <=> Vermis_4_5,0.0
Fusiform_L <=> Vermis_3,0.0
Fusiform_L <=> Vermis_1_2,0.0
Fusiform_L <=> Cerebelum_10_R,0.0
Fusiform_L <=> Cerebelum_10_L,0.0
Fusiform_L <=> Cerebelum_9_R,0.0
Fusiform_L <=> Cerebelum_9_L,0.0
Fusiform_L <=> Cerebelum_8_R,0.0
Fusiform_L <=> Cerebelum_8_L,0.0
Fusiform_L <=> Vermis_7,0.0
Fusiform_L <=> Cerebelum_7b_R,0.0
Fusiform_L <=> Cerebelum_6_R,0.0
Fusiform_L <=> Cerebelum_6_L,0.0
Fusiform_L <=> Cerebelum_4_5_R,0.0
Fusiform_L <=> Cerebelum_4_5_L,0.0
Fusiform_L <=> Cerebelum_3_R,0.0
Fusiform_L <=> Cerebelum_3_L,0.0
Fusiform_L <=> Cerebelum_Crus2_R,0.0
Fusiform_L <=> Cerebelum_Crus2_L,0.0
Fusiform_L <=> Cerebelum_Crus1_R,0.0
Fusiform_L <=> Cerebelum_Crus1_L,0.0
Fusiform_L <=> Cerebelum_7b_L,0.0
Fusiform_L <=> Vermis_8,0.0
Fusiform_L <=> Vermis_9,0.0
Fusiform_L <=> Vermis_10,0.0
Fusiform_R <=> Heschl_L,0.0
Fusiform_R <=> Thalamus_R,0.0
Fusiform_R <=> Thalamus_L,0.0
Fusiform_R <=> Pallidum_R,0.0
Fusiform_R <=> Pallidum_L,0.0
Fusiform_R <=> Putamen_R,0.0
Fusiform_R <=> Putamen_L,0.0
Fusiform_R <=> Caudate_R,0.0
Fusiform_R <=> Caudate_L,0.0
Fusiform_R <=> Paracentral_Lobule_R,0.0
Fusiform_R <=> Paracentral_Lobule_L,0.0
Fusiform_R <=> Precuneus_R,0.0
Fusiform_R <=> Precuneus_L,0.0
Fusiform_R <=> Angular_R,0.0
Fusiform_R <=> Angular_L,0.0
Fusiform_R <=> SupraMarginal_R,0.0
Fusiform_R <=> SupraMarginal_L,0.0
Fusiform_R <=> Parietal_Inf_R,0.0
Fusiform_R <=> Parietal_Inf_L,0.0
Fusiform_R <=> Parietal_Sup_R,0.0
Fusiform_R <=> Parietal_Sup_L,0.0
Fusiform_R <=> Postcentral_R,0.0
Fusiform_R <=> Postcentral_L,0.0
Fusiform_L <=> Temporal_Inf_R,0.0
Occipital_Inf_R <=> Cerebelum_4_5_L,0.0
Fusiform_L <=> Temporal_Inf_L,0.0
Fusiform_L <=> Temporal_Pole_Mid_L,0.0
Fusiform_L <=> Parietal_Sup_L,0.0
Fusiform_L <=> Postcentral_R,0.0
Fusiform_L <=> Postcentral_L,0.0
Fusiform_L <=> Fusiform_R,0.0
Occipital_Inf_R <=> Vermis_10,0.0
Occipital_Inf_R <=> Vermis_9,0.0
Occipital_Inf_R <=> Vermis_8,0.0
Occipital_Inf_R <=> Vermis_7,0.0
Occipital_Inf_R <=> Vermis_6,0.0
Occipital_Inf_R <=> Vermis_4_5,0.0
Fusiform_L <=> Parietal_Sup_R,0.0
Occipital_Inf_R <=> Vermis_3,0.0
Occipital_Inf_R <=> Cerebelum_10_R,0.0
Occipital_Inf_R <=> Cerebelum_10_L,0.0
Occipital_Inf_R <=> Cerebelum_9_R,0.0
Occipital_Inf_R <=> Cerebelum_9_L,0.0
Occipital_Inf_R <=> Cerebelum_8_R,0.0
Occipital_Inf_R <=> Cerebelum_8_L,0.0
Occipital_Inf_R <=> Cerebelum_7b_R,0.0
Occipital_Inf_R <=> Cerebelum_7b_L,0.0
Occipital_Inf_R <=> Cerebelum_6_R,0.0
Occipital_Inf_R <=> Cerebelum_6_L,0.0
Occipital_Inf_R <=> Vermis_1_2,0.0
Fusiform_L <=> Parietal_Inf_L,0.0
Fusiform_L <=> Parietal_Inf_R,0.0
Fusiform_L <=> SupraMarginal_L,0.0
Fusiform_L <=> Temporal_Mid_R,0.0
Fusiform_L <=> Temporal_Mid_L,0.0
Fusiform_L <=> Temporal_Pole_Sup_R,0.0
Fusiform_L <=> Temporal_Pole_Sup_L,0.0
Fusiform_L <=> Temporal_Sup_R,0.0
Fusiform_L <=> Temporal_Sup_L,0.0
Fusiform_L <=> Heschl_R,0.0
Fusiform_L <=> Heschl_L,0.0
Fusiform_L <=> Thalamus_R,0.0
Fusiform_L <=> Thalamus_L,0.0
Fusiform_L <=> Pallidum_R,0.0
Fusiform_L <=> Pallidum_L,0.0
Fusiform_L <=> Putamen_R,0.0
Fusiform_L <=> Putamen_L,0.0
Fusiform_L <=> Caudate_R,0.0
Fusiform_L <=> Caudate_L,0.0
Fusiform_L <=> Paracentral_Lobule_R,0.0
Fusiform_L <=> Paracentral_Lobule_L,0.0
Fusiform_L <=> Precuneus_R,0.0
Fusiform_L <=> Precuneus_L,0.0
Fusiform_L <=> Angular_R,0.0
Fusiform_L <=> Angular_L,0.0
Fusiform_L <=> SupraMarginal_R,0.0
Fusiform_L <=> Temporal_Pole_Mid_R,0.0
Cuneus_R <=> Cerebelum_3_L,0.0
Cuneus_R <=> Cerebelum_Crus2_L,0.0
Parietal_Sup_R <=> Parietal_Inf_L,0.0
ParaHippocampal_L <=> Lingual_L,0.0
ParaHippocampal_L <=> Cuneus_R,0.0
ParaHippocampal_L <=> Cuneus_L,0.0
ParaHippocampal_L <=> Calcarine_R,0.0
ParaHippocampal_L <=> Calcarine_L,0.0
ParaHippocampal_L <=> Amygdala_R,0.0
ParaHippocampal_L <=> Amygdala_L,0.0
ParaHippocampal_L <=> ParaHippocampal_R,0.0
Hippocampus_R <=> Vermis_10,0.0
Hippocampus_R <=> Vermis_9,0.0
ParaHippocampal_L <=> Lingual_R,0.0
Hippocampus_R <=> Vermis_8,0.0
Hippocampus_R <=> Vermis_6,0.0
Hippocampus_R <=> Vermis_4_5,0.0
Hippocampus_R <=> Vermis_3,0.0
Hippocampus_R <=> Vermis_1_2,0.0
Hippocampus_R <=> Cerebelum_10_R,0.0
Hippocampus_R <=> Cerebelum_10_L,0.0
Hippocampus_R <=> Cerebelum_9_R,0.0
Hippocampus_R <=> Cerebelum_9_L,0.0
Hippocampus_R <=> Cerebelum_8_R,0.0
Hippocampus_R <=> Cerebelum_8_L,0.0
Hippocampus_R <=> Vermis_7,0.0
Hippocampus_R <=> Cerebelum_7b_R,0.0
ParaHippocampal_L <=> Occipital_Sup_L,0.0
ParaHippocampal_L <=> Occipital_Mid_L,0.0
ParaHippocampal_L <=> Putamen_L,0.0
ParaHippocampal_L <=> Caudate_R,0.0
ParaHippocampal_L <=> Caudate_L,0.0
ParaHippocampal_L <=> Paracentral_Lobule_R,0.0
ParaHippocampal_L <=> Paracentral_Lobule_L,0.0
ParaHippocampal_L <=> Precuneus_R,0.0
ParaHippocampal_L <=> Precuneus_L,0.0
ParaHippocampal_L <=> Angular_R,0.0
ParaHippocampal_L <=> Angular_L,0.0
ParaHippocampal_L <=> SupraMarginal_R,0.0
ParaHippocampal_L <=> Occipital_Sup_R,0.0
ParaHippocampal_L <=> SupraMarginal_L,0.0
ParaHippocampal_L <=> Parietal_Inf_L,0.0
ParaHippocampal_L <=> Parietal_Sup_R,0.0
ParaHippocampal_L <=> Parietal_Sup_L,0.0
ParaHippocampal_L <=> Postcentral_R,0.0
ParaHippocampal_L <=> Postcentral_L,0.0
ParaHippocampal_L <=> Fusiform_R,0.0
ParaHippocampal_L <=> Fusiform_L,0.0
ParaHippocampal_L <=> Occipital_Inf_R,0.0
ParaHippocampal_L <=> Occipital_Inf_L,0.0
ParaHippocampal_L <=> Occipital_Mid_R,0.0
ParaHippocampal_L <=> Parietal_Inf_R,0.0
Hippocampus_R <=> Cerebelum_7b_L,0.0
Hippocampus_R <=> Cerebelum_6_R,0.0
Hippocampus_R <=> Cerebelum_6_L,0.0
Hippocampus_R <=> Caudate_L,0.0
Hippocampus_R <=> Paracentral_Lobule_R,0.0
Hippocampus_R <=> Paracentral_Lobule_L,0.0
Hippocampus_R <=> Precuneus_R,0.0
Hippocampus_R <=> Precuneus_L,0.0
Hippocampus_R <=> Angular_R,0.0
Hippocampus_R <=> Angular_L,0.0
Hippocampus_R <=> SupraMarginal_R,0.0
Hippocampus_R <=> SupraMarginal_L,0.0
Hippocampus_R <=> Parietal_Inf_R,0.0
Hippocampus_R <=> Caudate_R,0.0
Hippocampus_R <=> Parietal_Inf_L,0.0
Hippocampus_R <=> Parietal_Sup_L,0.0
Hippocampus_R <=> Postcentral_R,0.0
Hippocampus_R <=> Postcentral_L,0.0
Hippocampus_R <=> Fusiform_R,0.0
Hippocampus_R <=> Fusiform_L,0.0
Hippocampus_R <=> Occipital_Inf_R,0.0
Hippocampus_R <=> Occipital_Inf_L,0.0
Hippocampus_R <=> Occipital_Mid_R,0.0
Hippocampus_R <=> Occipital_Mid_L,0.0
Hippocampus_R <=> Occipital_Sup_R,0.0
Hippocampus_R <=> Parietal_Sup_R,0.0
Hippocampus_R <=> Putamen_L,0.0
Hippocampus_R <=> Putamen_R,0.0
Hippocampus_R <=> Pallidum_L,0.0
Hippocampus_R <=> Cerebelum_4_5_R,0.0
Hippocampus_R <=> Cerebelum_4_5_L,0.0
Hippocampus_R <=> Cerebelum_3_R,0.0
Hippocampus_R <=> Cerebelum_3_L,0.0
Hippocampus_R <=> Cerebelum_Crus2_R,0.0
Hippocampus_R <=> Cerebelum_Crus2_L,0.0
Hippocampus_R <=> Cerebelum_Crus1_R,0.0
Hippocampus_R <=> Cerebelum_Crus1_L,0.0
Hippocampus_R <=> Temporal_Inf_R,0.0
Hippocampus_R <=> Temporal_Inf_L,0.0
Hippocampus_R <=> Temporal_Pole_Mid_R,0.0
Hippocampus_R <=> Temporal_Pole_Mid_L,0.0
Hippocampus_R <=> Temporal_Mid_R,0.0
Hippocampus_R <=> Temporal_Mid_L,0.0
Hippocampus_R <=> Temporal_Pole_Sup_R,0.0
Hippocampus_R <=> Temporal_Pole_Sup_L,0.0
Hippocampus_R <=> Temporal_Sup_R,0.0
Hippocampus_R <=> Temporal_Sup_L,0.0
Hippocampus_R <=> Heschl_R,0.0
Hippocampus_R <=> Heschl_L,0.0
Hippocampus_R <=> Thalamus_R,0.0
Hippocampus_R <=> Thalamus_L,0.0
Hippocampus_R <=> Pallidum_R,0.0
ParaHippocampal_L <=> Putamen_R,0.0
ParaHippocampal_L <=> Pallidum_L,0.0
ParaHippocampal_L <=> Pallidum_R,0.0
ParaHippocampal_L <=> Thalamus_L,0.0
ParaHippocampal_R <=> Pallidum_R,0.0
ParaHippocampal_R <=> Pallidum_L,0.0
ParaHippocampal_R <=> Putamen_R,0.0
ParaHippocampal_R <=> Putamen_L,0.0
ParaHippocampal_R <=> Caudate_R,0.0
ParaHippocampal_R <=> Caudate_L,0.0
ParaHippocampal_R <=> Paracentral_Lobule_R,0.0
ParaHippocampal_R <=> Paracentral_Lobule_L,0.0
ParaHippocampal_R <=> Precuneus_R,0.0
ParaHippocampal_R <=> Precuneus_L,0.0
ParaHippocampal_R <=> Thalamus_L,0.0
ParaHippocampal_R <=> Angular_R,0.0
ParaHippocampal_R <=> SupraMarginal_R,0.0
ParaHippocampal_R <=> SupraMarginal_L,0.0
ParaHippocampal_R <=> Parietal_Inf_R,0.0
ParaHippocampal_R <=> Parietal_Inf_L,0.0
ParaHippocampal_R <=> Parietal_Sup_R,0.0
ParaHippocampal_R <=> Parietal_Sup_L,0.0
ParaHippocampal_R <=> Postcentral_R,0.0
ParaHippocampal_R <=> Postcentral_L,0.0
ParaHippocampal_R <=> Fusiform_R,0.0
ParaHippocampal_R <=> Fusiform_L,0.0
ParaHippocampal_R <=> Angular_L,0.0
ParaHippocampal_R <=> Thalamus_R,0.0
ParaHippocampal_R <=> Heschl_L,0.0
ParaHippocampal_R <=> Heschl_R,0.0
ParaHippocampal_R <=> Cerebelum_8_L,0.0
ParaHippocampal_R <=> Cerebelum_7b_R,0.0
ParaHippocampal_R <=> Cerebelum_7b_L,0.0
ParaHippocampal_R <=> Cerebelum_6_R,0.0
ParaHippocampal_R <=> Cerebelum_6_L,0.0
ParaHippocampal_R <=> Cerebelum_4_5_R,0.0
ParaHippocampal_R <=> Cerebelum_4_5_L,0.0
ParaHippocampal_R <=> Cerebelum_3_R,0.0
ParaHippocampal_R <=> Cerebelum_3_L,0.0
ParaHippocampal_R <=> Cerebelum_Crus2_R,0.0
ParaHippocampal_R <=> Cerebelum_Crus2_L,0.0
ParaHippocampal_R <=> Cerebelum_Crus1_R,0.0
ParaHippocampal_R <=> Cerebelum_Crus1_L,0.0
ParaHippocampal_R <=> Temporal_Inf_R,0.0
ParaHippocampal_R <=> Temporal_Inf_L,0.0
ParaHippocampal_R <=> Temporal_Pole_Mid_R,0.0
ParaHippocampal_R <=> Temporal_Pole_Mid_L,0.0
ParaHippocampal_R <=> Temporal_Mid_R,0.0
ParaHippocampal_R <=> Temporal_Mid_L,0.0
ParaHippocampal_R <=> Temporal_Pole_Sup_R,0.0
ParaHippocampal_R <=> Temporal_Pole_Sup_L,0.0
ParaHippocampal_R <=> Temporal_Sup_R,0.0
ParaHippocampal_R <=> Temporal_Sup_L,0.0
ParaHippocampal_R <=> Occipital_Inf_R,0.0
Hippocampus_R <=> Occipital_Sup_L,0.0
ParaHippocampal_R <=> Occipital_Inf_L,0.0
ParaHippocampal_R <=> Occipital_Mid_L,0.0
ParaHippocampal_L <=> Cerebelum_6_L,0.0
ParaHippocampal_L <=> Cerebelum_4_5_R,0.0
ParaHippocampal_L <=> Cerebelum_4_5_L,0.0
ParaHippocampal_L <=> Cerebelum_3_R,0.0
ParaHippocampal_L <=> Cerebelum_3_L,0.0
ParaHippocampal_L <=> Cerebelum_Crus2_R,0.0
ParaHippocampal_L <=> Cerebelum_Crus2_L,0.0
ParaHippocampal_L <=> Cerebelum_Crus1_R,0.0
ParaHippocampal_L <=> Cerebelum_Crus1_L,0.0
ParaHippocampal_L <=> Temporal_Inf_R,0.0
ParaHippocampal_L <=> Cerebelum_6_R,0.0
ParaHippocampal_L <=> Temporal_Inf_L,0.0
ParaHippocampal_L <=> Temporal_Pole_Mid_L,0.0
ParaHippocampal_L <=> Temporal_Mid_R,0.0
ParaHippocampal_L <=> Temporal_Mid_L,0.0
ParaHippocampal_L <=> Temporal_Pole_Sup_R,0.0
ParaHippocampal_L <=> Temporal_Pole_Sup_L,0.0
ParaHippocampal_L <=> Temporal_Sup_R,0.0
ParaHippocampal_L <=> Temporal_Sup_L,0.0
ParaHippocampal_L <=> Heschl_R,0.0
ParaHippocampal_L <=> Heschl_L,0.0
ParaHippocampal_L <=> Thalamus_R,0.0
ParaHippocampal_L <=> Temporal_Pole_Mid_R,0.0
ParaHippocampal_L <=> Cerebelum_7b_L,0.0
ParaHippocampal_L <=> Cerebelum_7b_R,0.0
ParaHippocampal_L <=> Cerebelum_8_L,0.0
ParaHippocampal_R <=> Occipital_Sup_R,0.0
ParaHippocampal_R <=> Occipital_Sup_L,0.0
ParaHippocampal_R <=> Lingual_R,0.0
ParaHippocampal_R <=> Lingual_L,0.0
ParaHippocampal_R <=> Cuneus_R,0.0
ParaHippocampal_R <=> Cuneus_L,0.0
ParaHippocampal_R <=> Calcarine_R,0.0
ParaHippocampal_R <=> Calcarine_L,0.0
ParaHippocampal_R <=> Amygdala_R,0.0
ParaHippocampal_R <=> Amygdala_L,0.0
ParaHippocampal_L <=> Vermis_10,0.0
ParaHippocampal_L <=> Vermis_9,0.0
ParaHippocampal_L <=> Vermis_8,0.0
ParaHippocampal_L <=> Vermis_7,0.0
ParaHippocampal_L <=> Vermis_6,0.0
ParaHippocampal_L <=> Vermis_4_5,0.0
ParaHippocampal_L <=> Vermis_3,0.0
ParaHippocampal_L <=> Vermis_1_2,0.0
ParaHippocampal_L <=> Cerebelum_10_R,0.0
ParaHippocampal_L <=> Cerebelum_10_L,0.0
ParaHippocampal_L <=> Cerebelum_9_R,0.0
ParaHippocampal_L <=> Cerebelum_9_L,0.0
ParaHippocampal_L <=> Cerebelum_8_R,0.0
ParaHippocampal_R <=> Occipital_Mid_R,0.0
Hippocampus_R <=> Lingual_R,0.0
Hippocampus_R <=> Lingual_L,0.0
Hippocampus_R <=> Cuneus_R,0.0
Cingulum_Post_R <=> Paracentral_Lobule_L,0.0
Cingulum_Post_R <=> Precuneus_R,0.0
Cingulum_Post_R <=> Precuneus_L,0.0
Cingulum_Post_R <=> Angular_R,0.0
Cingulum_Post_R <=> Angular_L,0.0
Cingulum_Post_R <=> SupraMarginal_R,0.0
Cingulum_Post_R <=> SupraMarginal_L,0.0
Cingulum_Post_R <=> Parietal_Inf_R,0.0
Cingulum_Post_R <=> Parietal_Inf_L,0.0
Cingulum_Post_R <=> Parietal_Sup_R,0.0
Cingulum_Post_R <=> Paracentral_Lobule_R,0.0
Cingulum_Post_R <=> Parietal_Sup_L,0.0
Cingulum_Post_R <=> Postcentral_L,0.0
Cingulum_Post_R <=> Fusiform_R,0.0
Cingulum_Post_R <=> Fusiform_L,0.0
Cingulum_Post_R <=> Occipital_Inf_R,0.0
Cingulum_Post_R <=> Occipital_Inf_L,0.0
Cingulum_Post_R <=> Occipital_Mid_R,0.0
Cingulum_Post_R <=> Occipital_Mid_L,0.0
Cingulum_Post_R <=> Occipital_Sup_R,0.0
Cingulum_Post_R <=> Occipital_Sup_L,0.0
Cingulum_Post_R <=> Lingual_R,0.0
Cingulum_Post_R <=> Postcentral_R,0.0
Cingulum_Post_R <=> Caudate_L,0.0
Cingulum_Post_R <=> Caudate_R,0.0
Cingulum_Post_R <=> Putamen_L,0.0
Cingulum_Post_R <=> Cerebelum_3_R,0.0
Cingulum_Post_R <=> Cerebelum_3_L,0.0
Cingulum_Post_R <=> Cerebelum_Crus2_R,0.0
Cingulum_Post_R <=> Cerebelum_Crus2_L,0.0
Cingulum_Post_R <=> Cerebelum_Crus1_R,0.0
Cingulum_Post_R <=> Cerebelum_Crus1_L,0.0
Cingulum_Post_R <=> Temporal_Inf_R,0.0
Cingulum_Post_R <=> Temporal_Inf_L,0.0
Cingulum_Post_R <=> Temporal_Pole_Mid_R,0.0
Cingulum_Post_R <=> Temporal_Pole_Mid_L,0.0
Cingulum_Post_R <=> Temporal_Mid_R,0.0
Cingulum_Post_R <=> Temporal_Mid_L,0.0
Cingulum_Post_R <=> Temporal_Pole_Sup_R,0.0
Cingulum_Post_R <=> Temporal_Pole_Sup_L,0.0
Cingulum_Post_R <=> Temporal_Sup_R,0.0
Cingulum_Post_R <=> Temporal_Sup_L,0.0
Cingulum_Post_R <=> Heschl_R,0.0
Cingulum_Post_R <=> Heschl_L,0.0
Cingulum_Post_R <=> Thalamus_R,0.0
Cingulum_Post_R <=> Thalamus_L,0.0
Cingulum_Post_R <=> Pallidum_R,0.0
Cingulum_Post_R <=> Pallidum_L,0.0
Cingulum_Post_R <=> Putamen_R,0.0
Cingulum_Post_R <=> Lingual_L,0.0
Cingulum_Post_R <=> Cerebelum_4_5_L,0.0
Cingulum_Post_R <=> Cuneus_R,0.0
Cingulum_Post_R <=> Calcarine_R,0.0
Cingulum_Post_L <=> Cerebelum_3_R,0.0
Cingulum_Post_L <=> Cerebelum_3_L,0.0
Cingulum_Post_L <=> Cerebelum_Crus2_R,0.0
Cingulum_Post_L <=> Cerebelum_Crus2_L,0.0
Cingulum_Post_L <=> Cerebelum_Crus1_R,0.0
Cingulum_Post_L <=> Cerebelum_Crus1_L,0.0
Cingulum_Post_L <=> Temporal_Inf_R,0.0
Cingulum_Post_L <=> Temporal_Inf_L,0.0
Cingulum_Post_L <=> Temporal_Pole_Mid_R,0.0
Cingulum_Post_L <=> Temporal_Pole_Mid_L,0.0
Cingulum_Post_L <=> Cerebelum_4_5_L,0.0
Cingulum_Post_L <=> Temporal_Mid_R,0.0
Cingulum_Post_L <=> Temporal_Pole_Sup_R,0.0
Cingulum_Post_L <=> Temporal_Pole_Sup_L,0.0
Cingulum_Post_L <=> Temporal_Sup_R,0.0
Cingulum_Post_L <=> Temporal_Sup_L,0.0
Cingulum_Post_L <=> Heschl_R,0.0
Cingulum_Post_L <=> Heschl_L,0.0
Cingulum_Post_L <=> Thalamus_R,0.0
Cingulum_Post_L <=> Thalamus_L,0.0
Cingulum_Post_L <=> Pallidum_R,0.0
Cingulum_Post_L <=> Pallidum_L,0.0
Cingulum_Post_L <=> Temporal_Mid_L,0.0
Cingulum_Post_L <=> Cerebelum_4_5_R,0.0
Cingulum_Post_L <=> Cerebelum_6_L,0.0
Cingulum_Post_L <=> Cerebelum_6_R,0.0
Cingulum_Post_R <=> Calcarine_L,0.0
Cingulum_Post_R <=> Amygdala_R,0.0
Cingulum_Post_R <=> Amygdala_L,0.0
Cingulum_Post_R <=> ParaHippocampal_R,0.0
Cingulum_Post_R <=> ParaHippocampal_L,0.0
Cingulum_Post_R <=> Hippocampus_R,0.0
Cingulum_Post_R <=> Hippocampus_L,0.0
Cingulum_Post_L <=> Vermis_10,0.0
Cingulum_Post_L <=> Vermis_9,0.0
Cingulum_Post_L <=> Vermis_8,0.0
Cingulum_Post_L <=> Vermis_7,0.0
Cingulum_Post_L <=> Vermis_6,0.0
Cingulum_Post_L <=> Vermis_4_5,0.0
Cingulum_Post_L <=> Vermis_3,0.0
Cingulum_Post_L <=> Vermis_1_2,0.0
Cingulum_Post_L <=> Cerebelum_10_R,0.0
Cingulum_Post_L <=> Cerebelum_10_L,0.0
Cingulum_Post_L <=> Cerebelum_9_R,0.0
Cingulum_Post_L <=> Cerebelum_9_L,0.0
Cingulum_Post_L <=> Cerebelum_8_R,0.0
Cingulum_Post_L <=> Cerebelum_8_L,0.0
Cingulum_Post_L <=> Cerebelum_7b_R,0.0
Cingulum_Post_L <=> Cerebelum_7b_L,0.0
Cingulum_Post_R <=> Cuneus_L,0.0
ParaHippocampal_R <=> Cerebelum_8_R,0.0
Cingulum_Post_R <=> Cerebelum_4_5_R,0.0
Cingulum_Post_R <=> Cerebelum_6_R,0.0
Hippocampus_L <=> Cerebelum_3_R,0.0
Hippocampus_L <=> Cerebelum_3_L,0.0
Hippocampus_L <=> Cerebelum_Crus2_R,0.0
Hippocampus_L <=> Cerebelum_Crus2_L,0.0
Hippocampus_L <=> Cerebelum_Crus1_R,0.0
Hippocampus_L <=> Cerebelum_Crus1_L,0.0
Hippocampus_L <=> Temporal_Inf_R,0.0
Hippocampus_L <=> Temporal_Inf_L,0.0
Hippocampus_L <=> Temporal_Pole_Mid_R,0.0
Hippocampus_L <=> Temporal_Pole_Mid_L,0.0
Hippocampus_L <=> Cerebelum_4_5_L,0.0
Hippocampus_L <=> Temporal_Mid_R,0.0
Hippocampus_L <=> Temporal_Pole_Sup_R,0.0
Hippocampus_L <=> Temporal_Pole_Sup_L,0.0
Hippocampus_L <=> Temporal_Sup_R,0.0
Hippocampus_L <=> Temporal_Sup_L,0.0
Hippocampus_L <=> Heschl_R,0.0
Hippocampus_L <=> Heschl_L,0.0
Hippocampus_L <=> Thalamus_R,0.0
Hippocampus_L <=> Thalamus_L,0.0
Hippocampus_L <=> Pallidum_R,0.0
Hippocampus_L <=> Pallidum_L,0.0
Hippocampus_L <=> Temporal_Mid_L,0.0
Hippocampus_L <=> Cerebelum_4_5_R,0.0
Hippocampus_L <=> Cerebelum_6_L,0.0
Hippocampus_L <=> Cerebelum_6_R,0.0
Hippocampus_R <=> Cuneus_L,0.0
Hippocampus_R <=> Calcarine_R,0.0
Hippocampus_R <=> Calcarine_L,0.0
Hippocampus_R <=> Amygdala_R,0.0
Hippocampus_R <=> Amygdala_L,0.0
Hippocampus_R <=> ParaHippocampal_R,0.0
Hippocampus_R <=> ParaHippocampal_L,0.0
Hippocampus_L <=> Vermis_10,0.0
Hippocampus_L <=> Vermis_9,0.0
Hippocampus_L <=> Vermis_8,0.0
Hippocampus_L <=> Vermis_7,0.0
Hippocampus_L <=> Vermis_6,0.0
Hippocampus_L <=> Vermis_4_5,0.0
Hippocampus_L <=> Vermis_3,0.0
Hippocampus_L <=> Vermis_1_2,0.0
Hippocampus_L <=> Cerebelum_10_R,0.0
Hippocampus_L <=> Cerebelum_10_L,0.0
Hippocampus_L <=> Cerebelum_9_R,0.0
Hippocampus_L <=> Cerebelum_9_L,0.0
Hippocampus_L <=> Cerebelum_8_R,0.0
Hippocampus_L <=> Cerebelum_8_L,0.0
Hippocampus_L <=> Cerebelum_7b_R,0.0
Hippocampus_L <=> Cerebelum_7b_L,0.0
Hippocampus_L <=> Putamen_R,0.0
Cingulum_Post_R <=> Cerebelum_6_L,0.0
Hippocampus_L <=> Putamen_L,0.0
Hippocampus_L <=> Caudate_L,0.0
Hippocampus_L <=> Calcarine_L,0.0
Hippocampus_L <=> Amygdala_R,0.0
Hippocampus_L <=> Amygdala_L,0.0
Hippocampus_L <=> ParaHippocampal_R,0.0
Hippocampus_L <=> ParaHippocampal_L,0.0
Hippocampus_L <=> Hippocampus_R,0.0
Cingulum_Post_R <=> Vermis_10,0.0
Cingulum_Post_R <=> Vermis_9,0.0
Cingulum_Post_R <=> Vermis_8,0.0
Cingulum_Post_R <=> Vermis_7,0.0
Hippocampus_L <=> Calcarine_R,0.0
Cingulum_Post_R <=> Vermis_6,0.0
Cingulum_Post_R <=> Vermis_3,0.0
Cingulum_Post_R <=> Vermis_1_2,0.0
Cingulum_Post_R <=> Cerebelum_10_R,0.0
Cingulum_Post_R <=> Cerebelum_10_L,0.0
Cingulum_Post_R <=> Cerebelum_9_R,0.0
Cingulum_Post_R <=> Cerebelum_9_L,0.0
Cingulum_Post_R <=> Cerebelum_8_R,0.0
Cingulum_Post_R <=> Cerebelum_8_L,0.0
Cingulum_Post_R <=> Cerebelum_7b_R,0.0
Cingulum_Post_R <=> Cerebelum_7b_L,0.0
Cingulum_Post_R <=> Vermis_4_5,0.0
Hippocampus_L <=> Cuneus_L,0.0
Hippocampus_L <=> Cuneus_R,0.0
Hippocampus_L <=> Lingual_L,0.0
Hippocampus_L <=> Paracentral_Lobule_R,0.0
Hippocampus_L <=> Paracentral_Lobule_L,0.0
Hippocampus_L <=> Precuneus_R,0.0
Hippocampus_L <=> Precuneus_L,0.0
Hippocampus_L <=> Angular_R,0.0
Hippocampus_L <=> Angular_L,0.0
Hippocampus_L <=> SupraMarginal_R,0.0
Hippocampus_L <=> SupraMarginal_L,0.0
Hippocampus_L <=> Parietal_Inf_R,0.0
Hippocampus_L <=> Parietal_Inf_L,0.0
Hippocampus_L <=> Parietal_Sup_R,0.0
Hippocampus_L <=> Parietal_Sup_L,0.0
Hippocampus_L <=> Postcentral_R,0.0
Hippocampus_L <=> Postcentral_L,0.0
Hippocampus_L <=> Fusiform_R,0.0
Hippocampus_L <=> Fusiform_L,0.0
Hippocampus_L <=> Occipital_Inf_R,0.0
Hippocampus_L <=> Occipital_Inf_L,0.0
Hippocampus_L <=> Occipital_Mid_R,0.0
Hippocampus_L <=> Occipital_Mid_L,0.0
Hippocampus_L <=> Occipital_Sup_R,0.0
Hippocampus_L <=> Occipital_Sup_L,0.0
Hippocampus_L <=> Lingual_R,0.0
Hippocampus_L <=> Caudate_R,0.0
Cuneus_R <=> Cerebelum_Crus2_R,0.0
ParaHippocampal_R <=> Cerebelum_9_L,0.0
ParaHippocampal_R <=> Cerebelum_10_L,0.0
Calcarine_R <=> Cerebelum_6_R,0.0
Calcarine_R <=> Cerebelum_6_L,0.0
Calcarine_R <=> Cerebelum_4_5_R,0.0
Calcarine_R <=> Cerebelum_4_5_L,0.0
Calcarine_R <=> Cerebelum_3_R,0.0
Calcarine_R <=> Cerebelum_3_L,0.0
Calcarine_R <=> Cerebelum_Crus2_R,0.0
Calcarine_R <=> Cerebelum_Crus2_L,0.0
Calcarine_R <=> Cerebelum_Crus1_R,0.0
Calcarine_R <=> Cerebelum_Crus1_L,0.0
Calcarine_R <=> Cerebelum_7b_L,0.0
Calcarine_R <=> Temporal_Inf_R,0.0
Calcarine_R <=> Temporal_Pole_Mid_R,0.0
Calcarine_R <=> Temporal_Pole_Mid_L,0.0
Calcarine_R <=> Temporal_Mid_R,0.0
Calcarine_R <=> Temporal_Mid_L,0.0
Calcarine_R <=> Temporal_Pole_Sup_R,0.0
Calcarine_R <=> Temporal_Pole_Sup_L,0.0
Calcarine_R <=> Temporal_Sup_R,0.0
Calcarine_R <=> Temporal_Sup_L,0.0
Calcarine_R <=> Heschl_R,0.0
Calcarine_R <=> Heschl_L,0.0
Calcarine_R <=> Temporal_Inf_L,0.0
Calcarine_R <=> Thalamus_R,0.0
Calcarine_R <=> Cerebelum_7b_R,0.0
Calcarine_R <=> Cerebelum_8_R,0.0
Cuneus_L <=> Fusiform_R,0.0
Cuneus_L <=> Fusiform_L,0.0
Cuneus_L <=> Occipital_Inf_R,0.0
Cuneus_L <=> Occipital_Inf_L,0.0
Cuneus_L <=> Occipital_Mid_R,0.0
Cuneus_L <=> Occipital_Mid_L,0.0
Cuneus_L <=> Occipital_Sup_R,0.0
Cuneus_L <=> Occipital_Sup_L,0.0
Cuneus_L <=> Lingual_R,0.0
Cuneus_L <=> Lingual_L,0.0
Calcarine_R <=> Cerebelum_8_L,0.0
Cuneus_L <=> Cuneus_R,0.0
Calcarine_R <=> Vermis_9,0.0
Calcarine_R <=> Vermis_8,0.0
Calcarine_R <=> Vermis_6,0.0
Calcarine_R <=> Vermis_4_5,0.0
Calcarine_R <=> Vermis_3,0.0
Calcarine_R <=> Vermis_1_2,0.0
Calcarine_R <=> Cerebelum_10_R,0.0
Calcarine_R <=> Cerebelum_10_L,0.0
Calcarine_R <=> Cerebelum_9_R,0.0
Calcarine_R <=> Cerebelum_9_L,0.0
Calcarine_R <=> Vermis_10,0.0
Calcarine_R <=> Thalamus_L,0.0
Calcarine_R <=> Pallidum_R,0.0
Calcarine_R <=> Pallidum_L,0.0
Calcarine_R <=> Lingual_L,0.0
Calcarine_R <=> Cuneus_R,0.0
Calcarine_R <=> Cuneus_L,0.0
Calcarine_L <=> Vermis_10,0.0
Calcarine_L <=> Vermis_9,0.0
Calcarine_L <=> Vermis_8,0.0
Calcarine_L <=> Vermis_7,0.0
Calcarine_L <=> Vermis_6,0.0
Calcarine_L <=> Vermis_4_5,0.0
Calcarine_L <=> Vermis_3,0.0
Calcarine_R <=> Lingual_R,0.0
Calcarine_L <=> Vermis_1_2,0.0
Calcarine_L <=> Cerebelum_10_L,0.0
Calcarine_L <=> Cerebelum_9_R,0.0
Calcarine_L <=> Cerebelum_9_L,0.0
Calcarine_L <=> Cerebelum_8_R,0.0
Calcarine_L <=> Cerebelum_8_L,0.0
Calcarine_L <=> Cerebelum_7b_R,0.0
Calcarine_L <=> Cerebelum_7b_L,0.0
Calcarine_L <=> Cerebelum_6_R,0.0
Calcarine_L <=> Cerebelum_6_L,0.0
Calcarine_L <=> Cerebelum_4_5_R,0.0
Calcarine_L <=> Cerebelum_10_R,0.0
Calcarine_R <=> Occipital_Sup_L,0.0
Calcarine_R <=> Occipital_Sup_R,0.0
Calcarine_R <=> Occipital_Mid_L,0.0
Calcarine_R <=> Putamen_R,0.0
Calcarine_R <=> Putamen_L,0.0
Calcarine_R <=> Caudate_R,0.0
Calcarine_R <=> Caudate_L,0.0
Calcarine_R <=> Paracentral_Lobule_R,0.0
Calcarine_R <=> Paracentral_Lobule_L,0.0
Calcarine_R <=> Precuneus_R,0.0
Calcarine_R <=> Precuneus_L,0.0
Calcarine_R <=> Angular_R,0.0
Calcarine_R <=> Angular_L,0.0
Calcarine_R <=> SupraMarginal_R,0.0
Calcarine_R <=> SupraMarginal_L,0.0
Calcarine_R <=> Parietal_Inf_R,0.0
Calcarine_R <=> Parietal_Inf_L,0.0
Calcarine_R <=> Parietal_Sup_R,0.0
Calcarine_R <=> Parietal_Sup_L,0.0
Calcarine_R <=> Postcentral_R,0.0
Calcarine_R <=> Postcentral_L,0.0
Calcarine_R <=> Fusiform_R,0.0
Calcarine_R <=> Fusiform_L,0.0
Calcarine_R <=> Occipital_Inf_R,0.0
Calcarine_R <=> Occipital_Inf_L,0.0
Calcarine_R <=> Occipital_Mid_R,0.0
Cuneus_L <=> Postcentral_L,0.0
Cuneus_L <=> Postcentral_R,0.0
Cuneus_L <=> Parietal_Sup_L,0.0
Cuneus_L <=> Parietal_Sup_R,0.0
Cuneus_R <=> Angular_L,0.0
Cuneus_R <=> SupraMarginal_R,0.0
Cuneus_R <=> SupraMarginal_L,0.0
Cuneus_R <=> Parietal_Inf_R,0.0
Cuneus_R <=> Parietal_Inf_L,0.0
Cuneus_R <=> Parietal_Sup_R,0.0
Cuneus_R <=> Parietal_Sup_L,0.0
Cuneus_R <=> Postcentral_R,0.0
Cuneus_R <=> Postcentral_L,0.0
Cuneus_R <=> Fusiform_R,0.0
Cuneus_R <=> Angular_R,0.0
Cuneus_R <=> Fusiform_L,0.0
Cuneus_R <=> Occipital_Inf_L,0.0
Cuneus_R <=> Occipital_Mid_R,0.0
Cuneus_R <=> Occipital_Mid_L,0.0
Cuneus_R <=> Occipital_Sup_R,0.0
Cuneus_R <=> Occipital_Sup_L,0.0
Cuneus_R <=> Lingual_R,0.0
Cuneus_R <=> Lingual_L,0.0
Cuneus_L <=> Vermis_10,0.0
Cuneus_L <=> Vermis_9,0.0
Cuneus_L <=> Vermis_8,0.0
Cuneus_R <=> Occipital_Inf_R,0.0
Cuneus_R <=> Precuneus_L,0.0
Cuneus_R <=> Precuneus_R,0.0
Cuneus_R <=> Paracentral_Lobule_L,0.0
Cuneus_R <=> Cerebelum_Crus1_R,0.0
Cuneus_R <=> Cerebelum_Crus1_L,0.0
Cuneus_R <=> Temporal_Inf_R,0.0
Cuneus_R <=> Temporal_Inf_L,0.0
Cuneus_R <=> Temporal_Pole_Mid_R,0.0
Cuneus_R <=> Temporal_Pole_Mid_L,0.0
Cuneus_R <=> Temporal_Mid_R,0.0
Cuneus_R <=> Temporal_Mid_L,0.0
Cuneus_R <=> Temporal_Pole_Sup_R,0.0
Cuneus_R <=> Temporal_Pole_Sup_L,0.0
Cuneus_R <=> Temporal_Sup_R,0.0
Cuneus_R <=> Temporal_Sup_L,0.0
Cuneus_R <=> Heschl_R,0.0
Cuneus_R <=> Heschl_L,0.0
Cuneus_R <=> Thalamus_R,0.0
Cuneus_R <=> Thalamus_L,0.0
Cuneus_R <=> Pallidum_R,0.0
Cuneus_R <=> Pallidum_L,0.0
Cuneus_R <=> Putamen_R,0.0
Cuneus_R <=> Putamen_L,0.0
Cuneus_R <=> Caudate_R,0.0
Cuneus_R <=> Caudate_L,0.0
Cuneus_R <=> Paracentral_Lobule_R,0.0
Cuneus_L <=> Vermis_7,0.0
Calcarine_L <=> Cerebelum_4_5_L,0.0
Cuneus_L <=> Vermis_6,0.0
Cuneus_L <=> Vermis_3,0.0
Cuneus_L <=> Temporal_Sup_R,0.0
Cuneus_L <=> Temporal_Sup_L,0.0
Cuneus_L <=> Heschl_R,0.0
Cuneus_L <=> Heschl_L,0.0
Cuneus_L <=> Thalamus_R,0.0
Cuneus_L <=> Thalamus_L,0.0
Cuneus_L <=> Pallidum_R,0.0
Cuneus_L <=> Pallidum_L,0.0
Cuneus_L <=> Putamen_R,0.0
Cuneus_L <=> Putamen_L,0.0
Cuneus_L <=> Temporal_Pole_Sup_L,0.0
Cuneus_L <=> Caudate_R,0.0
Cuneus_L <=> Paracentral_Lobule_R,0.0
Cuneus_L <=> Paracentral_Lobule_L,0.0
Cuneus_L <=> Precuneus_R,0.0
Cuneus_L <=> Precuneus_L,0.0
Cuneus_L <=> Angular_R,0.0
Cuneus_L <=> Angular_L,0.0
Cuneus_L <=> SupraMarginal_R,0.0
Cuneus_L <=> SupraMarginal_L,0.0
Cuneus_L <=> Parietal_Inf_R,0.0
Cuneus_L <=> Parietal_Inf_L,0.0
Cuneus_L <=> Caudate_L,0.0
Cuneus_L <=> Temporal_Pole_Sup_R,0.0
Cuneus_L <=> Temporal_Mid_L,0.0
Cuneus_L <=> Temporal_Mid_R,0.0
Cuneus_L <=> Vermis_1_2,0.0
Cuneus_L <=> Cerebelum_10_R,0.0
Cuneus_L <=> Cerebelum_10_L,0.0
Cuneus_L <=> Cerebelum_9_R,0.0
Cuneus_L <=> Cerebelum_9_L,0.0
Cuneus_L <=> Cerebelum_8_R,0.0
Cuneus_L <=> Cerebelum_8_L,0.0
Cuneus_L <=> Cerebelum_7b_R,0.0
Cuneus_L <=> Cerebelum_7b_L,0.0
Cuneus_L <=> Cerebelum_6_R,0.0
Cuneus_L <=> Cerebelum_6_L,0.0
Cuneus_L <=> Cerebelum_4_5_R,0.0
Cuneus_L <=> Cerebelum_4_5_L,0.0
Cuneus_L <=> Cerebelum_3_R,0.0
Cuneus_L <=> Cerebelum_3_L,0.0
Cuneus_L <=> Cerebelum_Crus2_R,0.0
Cuneus_L <=> Cerebelum_Crus2_L,0.0
Cuneus_L <=> Cerebelum_Crus1_R,0.0
Cuneus_L <=> Cerebelum_Crus1_L,0.0
Cuneus_L <=> Temporal_Inf_R,0.0
Cuneus_L <=> Temporal_Inf_L,0.0
Cuneus_L <=> Temporal_Pole_Mid_R,0.0
Cuneus_L <=> Temporal_Pole_Mid_L,0.0
Cuneus_L <=> Vermis_4_5,0.0
Calcarine_L <=> Cerebelum_3_R,0.0
Calcarine_L <=> Cerebelum_3_L,0.0
Calcarine_L <=> Cerebelum_Crus2_R,0.0
Amygdala_L <=> Cerebelum_10_L,0.0
Amygdala_L <=> Cerebelum_9_R,0.0
Amygdala_L <=> Cerebelum_9_L,0.0
Amygdala_L <=> Cerebelum_8_R,0.0
Amygdala_L <=> Cerebelum_8_L,0.0
Amygdala_L <=> Cerebelum_7b_R,0.0
Amygdala_L <=> Cerebelum_7b_L,0.0
Amygdala_L <=> Cerebelum_6_R,0.0
Amygdala_L <=> Cerebelum_6_L,0.0
Amygdala_L <=> Cerebelum_4_5_R,0.0
Amygdala_L <=> Cerebelum_10_R,0.0
Amygdala_L <=> Cerebelum_4_5_L,0.0
Amygdala_L <=> Cerebelum_3_L,0.0
Amygdala_L <=> Cerebelum_Crus2_R,0.0
Amygdala_L <=> Cerebelum_Crus2_L,0.0
Amygdala_L <=> Cerebelum_Crus1_R,0.0
Amygdala_L <=> Cerebelum_Crus1_L,0.0
Amygdala_L <=> Temporal_Inf_R,0.0
Amygdala_L <=> Temporal_Inf_L,0.0
Amygdala_L <=> Temporal_Pole_Mid_R,0.0
Amygdala_L <=> Temporal_Pole_Mid_L,0.0
Amygdala_L <=> Temporal_Mid_R,0.0
Amygdala_L <=> Cerebelum_3_R,0.0
Amygdala_L <=> Vermis_1_2,0.0
Amygdala_L <=> Vermis_3,0.0
Amygdala_L <=> Vermis_4_5,0.0
Amygdala_R <=> Parietal_Sup_R,0.0
Amygdala_R <=> Parietal_Sup_L,0.0
Amygdala_R <=> Postcentral_R,0.0
Amygdala_R <=> Postcentral_L,0.0
Amygdala_R <=> Fusiform_R,0.0
Amygdala_R <=> Fusiform_L,0.0
Amygdala_R <=> Occipital_Inf_R,0.0
Amygdala_R <=> Occipital_Inf_L,0.0
Amygdala_R <=> Occipital_Mid_R,0.0
Amygdala_R <=> Occipital_Mid_L,0.0
Amygdala_R <=> Occipital_Sup_R,0.0
Amygdala_R <=> Occipital_Sup_L,0.0
Amygdala_R <=> Lingual_R,0.0
Amygdala_R <=> Lingual_L,0.0
Amygdala_R <=> Cuneus_R,0.0
Amygdala_R <=> Cuneus_L,0.0
Amygdala_R <=> Calcarine_R,0.0
Amygdala_R <=> Calcarine_L,0.0
Amygdala_L <=> Vermis_10,0.0
Amygdala_L <=> Vermis_9,0.0
Amygdala_L <=> Vermis_8,0.0
Amygdala_L <=> Vermis_7,0.0
Amygdala_L <=> Vermis_6,0.0
Amygdala_L <=> Temporal_Mid_L,0.0
Amygdala_R <=> Parietal_Inf_L,0.0
Amygdala_L <=> Temporal_Pole_Sup_R,0.0
Amygdala_L <=> Temporal_Sup_R,0.0
Amygdala_L <=> Occipital_Inf_R,0.0
Amygdala_L <=> Occipital_Inf_L,0.0
Amygdala_L <=> Occipital_Mid_R,0.0
Amygdala_L <=> Occipital_Mid_L,0.0
Amygdala_L <=> Occipital_Sup_R,0.0
Amygdala_L <=> Occipital_Sup_L,0.0
Amygdala_L <=> Lingual_R,0.0
Amygdala_L <=> Lingual_L,0.0
Amygdala_L <=> Cuneus_R,0.0
Amygdala_L <=> Cuneus_L,0.0
Amygdala_L <=> Fusiform_L,0.0
Amygdala_L <=> Calcarine_R,0.0
Amygdala_L <=> Amygdala_R,0.0
ParaHippocampal_R <=> Vermis_10,0.0
ParaHippocampal_R <=> Vermis_9,0.0
ParaHippocampal_R <=> Vermis_8,0.0
ParaHippocampal_R <=> Vermis_7,0.0
ParaHippocampal_R <=> Vermis_6,0.0
ParaHippocampal_R <=> Vermis_4_5,0.0
ParaHippocampal_R <=> Vermis_3,0.0
ParaHippocampal_R <=> Vermis_1_2,0.0
ParaHippocampal_R <=> Cerebelum_10_R,0.0
Amygdala_L <=> Calcarine_L,0.0
Amygdala_L <=> Fusiform_R,0.0
Amygdala_L <=> Postcentral_L,0.0
Amygdala_L <=> Postcentral_R,0.0
Amygdala_L <=> Temporal_Sup_L,0.0
Amygdala_L <=> Heschl_R,0.0
Amygdala_L <=> Heschl_L,0.0
Amygdala_L <=> Thalamus_R,0.0
Amygdala_L <=> Thalamus_L,0.0
Amygdala_L <=> Pallidum_R,0.0
Amygdala_L <=> Pallidum_L,0.0
Amygdala_L <=> Putamen_R,0.0
Amygdala_L <=> Putamen_L,0.0
Amygdala_L <=> Caudate_R,0.0
Amygdala_L <=> Caudate_L,0.0
Amygdala_L <=> Paracentral_Lobule_R,0.0
Amygdala_L <=> Paracentral_Lobule_L,0.0
Amygdala_L <=> Precuneus_R,0.0
Amygdala_L <=> Precuneus_L,0.0
Amygdala_L <=> Angular_R,0.0
Amygdala_L <=> Angular_L,0.0
Amygdala_L <=> SupraMarginal_R,0.0
Amygdala_L <=> SupraMarginal_L,0.0
Amygdala_L <=> Parietal_Inf_R,0.0
Amygdala_L <=> Parietal_Inf_L,0.0
Amygdala_L <=> Parietal_Sup_R,0.0
Amygdala_L <=> Parietal_Sup_L,0.0
Amygdala_L <=> Temporal_Pole_Sup_L,0.0
ParaHippocampal_R <=> Cerebelum_9_R,0.0
Amygdala_R <=> Parietal_Inf_R,0.0
Amygdala_R <=> SupraMarginal_R,0.0
Calcarine_L <=> Angular_R,0.0
Calcarine_L <=> Angular_L,0.0
Calcarine_L <=> SupraMarginal_R,0.0
Calcarine_L <=> SupraMarginal_L,0.0
Calcarine_L <=> Parietal_Inf_R,0.0
Calcarine_L <=> Parietal_Inf_L,0.0
Calcarine_L <=> Parietal_Sup_R,0.0
Calcarine_L <=> Parietal_Sup_L,0.0
Calcarine_L <=> Postcentral_R,0.0
Calcarine_L <=> Postcentral_L,0.0
Calcarine_L <=> Precuneus_L,0.0
Calcarine_L <=> Fusiform_R,0.0
Calcarine_L <=> Occipital_Inf_R,0.0
Calcarine_L <=> Occipital_Inf_L,0.0
Calcarine_L <=> Occipital_Mid_R,0.0
Calcarine_L <=> Occipital_Mid_L,0.0
Calcarine_L <=> Occipital_Sup_R,0.0
Calcarine_L <=> Occipital_Sup_L,0.0
Calcarine_L <=> Lingual_R,0.0
Calcarine_L <=> Lingual_L,0.0
Calcarine_L <=> Cuneus_R,0.0
Calcarine_L <=> Cuneus_L,0.0
Calcarine_L <=> Fusiform_L,0.0
Calcarine_L <=> Precuneus_R,0.0
Calcarine_L <=> Paracentral_Lobule_L,0.0
Calcarine_L <=> Paracentral_Lobule_R,0.0
Calcarine_L <=> Cerebelum_Crus2_L,0.0
Calcarine_L <=> Cerebelum_Crus1_R,0.0
Calcarine_L <=> Cerebelum_Crus1_L,0.0
Calcarine_L <=> Temporal_Inf_R,0.0
Calcarine_L <=> Temporal_Inf_L,0.0
Calcarine_L <=> Temporal_Pole_Mid_R,0.0
Calcarine_L <=> Temporal_Pole_Mid_L,0.0
Calcarine_L <=> Temporal_Mid_R,0.0
Calcarine_L <=> Temporal_Mid_L,0.0
Calcarine_L <=> Temporal_Pole_Sup_R,0.0
Calcarine_L <=> Temporal_Pole_Sup_L,0.0
Calcarine_L <=> Temporal_Sup_R,0.0
Calcarine_L <=> Temporal_Sup_L,0.0
Calcarine_L <=> Heschl_R,0.0
Calcarine_L <=> Heschl_L,0.0
Calcarine_L <=> Thalamus_R,0.0
Calcarine_L <=> Thalamus_L,0.0
Calcarine_L <=> Pallidum_R,0.0
Calcarine_L <=> Pallidum_L,0.0
Calcarine_L <=> Putamen_R,0.0
Calcarine_L <=> Putamen_L,0.0
Calcarine_L <=> Caudate_R,0.0
Calcarine_L <=> Caudate_L,0.0
Calcarine_L <=> Calcarine_R,0.0
Amygdala_R <=> SupraMarginal_L,0.0
Amygdala_R <=> Vermis_10,0.0
Amygdala_R <=> Vermis_8,0.0
Amygdala_R <=> Temporal_Mid_R,0.0
Amygdala_R <=> Temporal_Mid_L,0.0
Amygdala_R <=> Temporal_Pole_Sup_R,0.0
Amygdala_R <=> Temporal_Pole_Sup_L,0.0
Amygdala_R <=> Temporal_Sup_R,0.0
Amygdala_R <=> Temporal_Sup_L,0.0
Amygdala_R <=> Heschl_R,0.0
Amygdala_R <=> Heschl_L,0.0
Amygdala_R <=> Thalamus_R,0.0
Amygdala_R <=> Thalamus_L,0.0
Amygdala_R <=> Temporal_Pole_Mid_L,0.0
Amygdala_R <=> Pallidum_R,0.0
Amygdala_R <=> Putamen_R,0.0
Amygdala_R <=> Putamen_L,0.0
Amygdala_R <=> Caudate_R,0.0
Amygdala_R <=> Caudate_L,0.0
Amygdala_R <=> Paracentral_Lobule_R,0.0
Amygdala_R <=> Paracentral_Lobule_L,0.0
Amygdala_R <=> Precuneus_R,0.0
Amygdala_R <=> Precuneus_L,0.0
Amygdala_R <=> Angular_R,0.0
Amygdala_R <=> Angular_L,0.0
Amygdala_R <=> Pallidum_L,0.0
Amygdala_R <=> Temporal_Pole_Mid_R,0.0
Amygdala_R <=> Temporal_Inf_L,0.0
Amygdala_R <=> Temporal_Inf_R,0.0
Amygdala_R <=> Vermis_7,0.0
Amygdala_R <=> Vermis_6,0.0
Amygdala_R <=> Vermis_4_5,0.0
Amygdala_R <=> Vermis_3,0.0
Amygdala_R <=> Vermis_1_2,0.0
Amygdala_R <=> Cerebelum_10_R,0.0
Amygdala_R <=> Cerebelum_10_L,0.0
Amygdala_R <=> Cerebelum_9_R,0.0
Amygdala_R <=> Cerebelum_9_L,0.0
Amygdala_R <=> Cerebelum_8_R,0.0
Amygdala_R <=> Cerebelum_8_L,0.0
Amygdala_R <=> Cerebelum_7b_R,0.0
Amygdala_R <=> Cerebelum_7b_L,0.0
Amygdala_R <=> Cerebelum_6_R,0.0
Amygdala_R <=> Cerebelum_6_L,0.0
Amygdala_R <=> Cerebelum_4_5_R,0.0
Amygdala_R <=> Cerebelum_4_5_L,0.0
Amygdala_R <=> Cerebelum_3_R,0.0
Amygdala_R <=> Cerebelum_3_L,0.0
Amygdala_R <=> Cerebelum_Crus2_R,0.0
Amygdala_R <=> Cerebelum_Crus2_L,0.0
Amygdala_R <=> Cerebelum_Crus1_R,0.0
Amygdala_R <=> Cerebelum_Crus1_L,0.0
Amygdala_R <=> Vermis_9,0.0
Parietal_Sup_R <=> Parietal_Inf_R,0.0
Parietal_Sup_R <=> SupraMarginal_R,0.0
Cingulum_Post_L <=> Putamen_R,0.0
Temporal_Mid_R <=> Cerebelum_Crus2_L,0.0
Temporal_Mid_R <=> Cerebelum_Crus1_R,0.0
Temporal_Mid_R <=> Cerebelum_Crus1_L,0.0
Temporal_Mid_R <=> Temporal_Inf_R,0.0
Temporal_Mid_R <=> Temporal_Inf_L,0.0
Temporal_Mid_R <=> Temporal_Pole_Mid_R,0.0
Temporal_Mid_R <=> Temporal_Pole_Mid_L,0.0
Temporal_Mid_L <=> Vermis_10,0.0
Temporal_Mid_L <=> Vermis_9,0.0
Temporal_Mid_L <=> Vermis_8,0.0
Temporal_Mid_R <=> Cerebelum_Crus2_R,0.0
Temporal_Mid_L <=> Vermis_7,0.0
Temporal_Mid_L <=> Vermis_4_5,0.0
Temporal_Mid_L <=> Vermis_3,0.0
Temporal_Mid_L <=> Vermis_1_2,0.0
Temporal_Mid_L <=> Cerebelum_10_R,0.0
Temporal_Mid_L <=> Cerebelum_10_L,0.0
Temporal_Mid_L <=> Cerebelum_9_R,0.0
Temporal_Mid_L <=> Cerebelum_9_L,0.0
Temporal_Mid_L <=> Cerebelum_8_R,0.0
Temporal_Mid_L <=> Cerebelum_8_L,0.0
Temporal_Mid_L <=> Cerebelum_7b_R,0.0
Temporal_Mid_L <=> Vermis_6,0.0
Temporal_Mid_L <=> Cerebelum_7b_L,0.0
Temporal_Mid_R <=> Cerebelum_3_L,0.0
Temporal_Mid_R <=> Cerebelum_4_5_L,0.0
Temporal_Pole_Mid_L <=> Temporal_Inf_R,0.0
Temporal_Pole_Mid_L <=> Temporal_Inf_L,0.0
Temporal_Pole_Mid_L <=> Temporal_Pole_Mid_R,0.0
Temporal_Mid_R <=> Vermis_10,0.0
Temporal_Mid_R <=> Vermis_9,0.0
Temporal_Mid_R <=> Vermis_8,0.0
Temporal_Mid_R <=> Vermis_7,0.0
Temporal_Mid_R <=> Vermis_6,0.0
Temporal_Mid_R <=> Vermis_4_5,0.0
Temporal_Mid_R <=> Vermis_3,0.0
Temporal_Mid_R <=> Cerebelum_3_R,0.0
Temporal_Mid_R <=> Vermis_1_2,0.0
Temporal_Mid_R <=> Cerebelum_10_L,0.0
Temporal_Mid_R <=> Cerebelum_9_R,0.0
Temporal_Mid_R <=> Cerebelum_9_L,0.0
Temporal_Mid_R <=> Cerebelum_8_R,0.0
Temporal_Mid_R <=> Cerebelum_8_L,0.0
Temporal_Mid_R <=> Cerebelum_7b_R,0.0
Temporal_Mid_R <=> Cerebelum_7b_L,0.0
Temporal_Mid_R <=> Cerebelum_6_R,0.0
Temporal_Mid_R <=> Cerebelum_6_L,0.0
Temporal_Mid_R <=> Cerebelum_4_5_R,0.0
Temporal_Mid_R <=> Cerebelum_10_R,0.0
Temporal_Mid_L <=> Cerebelum_6_R,0.0
Temporal_Mid_L <=> Cerebelum_6_L,0.0
Temporal_Mid_L <=> Cerebelum_4_5_R,0.0
Temporal_Pole_Sup_R <=> Cerebelum_7b_L,0.0
Temporal_Pole_Sup_R <=> Cerebelum_6_R,0.0
Temporal_Pole_Sup_R <=> Cerebelum_6_L,0.0
Temporal_Pole_Sup_R <=> Cerebelum_4_5_R,0.0
Temporal_Pole_Sup_R <=> Cerebelum_4_5_L,0.0
Temporal_Pole_Sup_R <=> Cerebelum_3_R,0.0
Temporal_Pole_Sup_R <=> Cerebelum_3_L,0.0
Temporal_Pole_Sup_R <=> Cerebelum_Crus2_R,0.0
Temporal_Pole_Sup_R <=> Cerebelum_Crus2_L,0.0
Temporal_Pole_Sup_R <=> Cerebelum_Crus1_R,0.0
Temporal_Pole_Sup_R <=> Cerebelum_7b_R,0.0
Temporal_Pole_Sup_R <=> Cerebelum_Crus1_L,0.0
Temporal_Pole_Sup_R <=> Temporal_Inf_L,0.0
Temporal_Pole_Sup_R <=> Temporal_Pole_Mid_R,0.0
Temporal_Pole_Sup_R <=> Temporal_Pole_Mid_L,0.0
Temporal_Pole_Sup_R <=> Temporal_Mid_R,0.0
Temporal_Pole_Sup_R <=> Temporal_Mid_L,0.0
Temporal_Pole_Sup_L <=> Vermis_10,0.0
Temporal_Pole_Sup_L <=> Vermis_9,0.0
Temporal_Pole_Sup_L <=> Vermis_8,0.0
Temporal_Pole_Sup_L <=> Vermis_7,0.0
Temporal_Pole_Sup_L <=> Vermis_6,0.0
Temporal_Pole_Sup_R <=> Temporal_Inf_R,0.0
Temporal_Pole_Sup_R <=> Cerebelum_8_L,0.0
Temporal_Pole_Sup_R <=> Cerebelum_8_R,0.0
Temporal_Pole_Sup_R <=> Cerebelum_9_L,0.0
Temporal_Mid_L <=> Cerebelum_4_5_L,0.0
Temporal_Mid_L <=> Cerebelum_3_R,0.0
Temporal_Mid_L <=> Cerebelum_3_L,0.0
Temporal_Mid_L <=> Cerebelum_Crus2_R,0.0
Temporal_Mid_L <=> Cerebelum_Crus2_L,0.0
Temporal_Mid_L <=> Cerebelum_Crus1_R,0.0
Temporal_Mid_L <=> Cerebelum_Crus1_L,0.0
Temporal_Mid_L <=> Temporal_Inf_R,0.0
Temporal_Mid_L <=> Temporal_Inf_L,0.0
Temporal_Mid_L <=> Temporal_Pole_Mid_R,0.0
Temporal_Mid_L <=> Temporal_Pole_Mid_L,0.0
Temporal_Mid_L <=> Temporal_Mid_R,0.0
Temporal_Pole_Sup_R <=> Vermis_10,0.0
Temporal_Pole_Sup_R <=> Vermis_9,0.0
Temporal_Pole_Sup_R <=> Vermis_8,0.0
Temporal_Pole_Sup_R <=> Vermis_7,0.0
Temporal_Pole_Sup_R <=> Vermis_6,0.0
Temporal_Pole_Sup_R <=> Vermis_4_5,0.0
Temporal_Pole_Sup_R <=> Vermis_3,0.0
Temporal_Pole_Sup_R <=> Vermis_1_2,0.0
Temporal_Pole_Sup_R <=> Cerebelum_10_R,0.0
Temporal_Pole_Sup_R <=> Cerebelum_10_L,0.0
Temporal_Pole_Sup_R <=> Cerebelum_9_R,0.0
Temporal_Pole_Mid_L <=> Cerebelum_Crus1_L,0.0
Temporal_Pole_Mid_L <=> Cerebelum_Crus1_R,0.0
Temporal_Pole_Mid_L <=> Cerebelum_Crus2_L,0.0
Temporal_Pole_Mid_L <=> Cerebelum_Crus2_R,0.0
Temporal_Inf_L <=> Vermis_8,0.0
Temporal_Inf_L <=> Vermis_7,0.0
Temporal_Inf_L <=> Vermis_6,0.0
Temporal_Inf_L <=> Vermis_4_5,0.0
Temporal_Inf_L <=> Vermis_3,0.0
Temporal_Inf_L <=> Vermis_1_2,0.0
Temporal_Inf_L <=> Cerebelum_10_R,0.0
Temporal_Inf_L <=> Cerebelum_10_L,0.0
Temporal_Inf_L <=> Cerebelum_9_R,0.0
Temporal_Inf_L <=> Cerebelum_9_L,0.0
Temporal_Inf_L <=> Vermis_9,0.0
Temporal_Inf_L <=> Cerebelum_8_R,0.0
Temporal_Inf_L <=> Cerebelum_7b_R,0.0
Temporal_Inf_L <=> Cerebelum_7b_L,0.0
Temporal_Inf_L <=> Cerebelum_6_R,0.0
Temporal_Inf_L <=> Cerebelum_6_L,0.0
Temporal_Inf_L <=> Cerebelum_4_5_R,0.0
Temporal_Inf_L <=> Cerebelum_4_5_L,0.0
Temporal_Inf_L <=> Cerebelum_3_R,0.0
Temporal_Inf_L <=> Cerebelum_3_L,0.0
Temporal_Inf_L <=> Cerebelum_Crus2_R,0.0
Temporal_Inf_L <=> Cerebelum_Crus2_L,0.0
Temporal_Inf_L <=> Cerebelum_8_L,0.0
Temporal_Inf_L <=> Vermis_10,0.0
Temporal_Inf_R <=> Cerebelum_Crus1_L,0.0
Temporal_Inf_R <=> Cerebelum_Crus1_R,0.0
Temporal_Inf_R <=> Vermis_9,0.0
Temporal_Inf_R <=> Vermis_8,0.0
Temporal_Inf_R <=> Vermis_7,0.0
Temporal_Inf_R <=> Vermis_6,0.0
Temporal_Inf_R <=> Vermis_4_5,0.0
Temporal_Inf_R <=> Vermis_3,0.0
Temporal_Inf_R <=> Vermis_1_2,0.0
Temporal_Inf_R <=> Cerebelum_10_R,0.0
Temporal_Inf_R <=> Cerebelum_10_L,0.0
Temporal_Inf_R <=> Cerebelum_9_R,0.0
Temporal_Inf_R <=> Cerebelum_9_L,0.0
Temporal_Inf_R <=> Cerebelum_8_R,0.0
Temporal_Inf_R <=> Cerebelum_8_L,0.0
Temporal_Inf_R <=> Cerebelum_7b_R,0.0
Temporal_Inf_R <=> Cerebelum_7b_L,0.0
Temporal_Inf_R <=> Cerebelum_6_R,0.0
Temporal_Inf_R <=> Cerebelum_6_L,0.0
Temporal_Inf_R <=> Cerebelum_4_5_R,0.0
Temporal_Inf_R <=> Cerebelum_4_5_L,0.0
Temporal_Inf_R <=> Cerebelum_3_R,0.0
Temporal_Inf_R <=> Cerebelum_3_L,0.0
Temporal_Inf_R <=> Cerebelum_Crus2_R,0.0
Temporal_Inf_R <=> Cerebelum_Crus2_L,0.0
Temporal_Inf_L <=> Cerebelum_Crus1_R,0.0
Temporal_Pole_Sup_L <=> Vermis_4_5,0.0
Temporal_Inf_L <=> Cerebelum_Crus1_L,0.0
Temporal_Pole_Mid_R <=> Vermis_10,0.0
Temporal_Pole_Mid_L <=> Vermis_10,0.0
Temporal_Pole_Mid_L <=> Vermis_9,0.0
Temporal_Pole_Mid_L <=> Vermis_8,0.0
Temporal_Pole_Mid_L <=> Vermis_7,0.0
Temporal_Pole_Mid_L <=> Vermis_6,0.0
Temporal_Pole_Mid_L <=> Vermis_4_5,0.0
Temporal_Pole_Mid_L <=> Vermis_3,0.0
Temporal_Pole_Mid_L <=> Vermis_1_2,0.0
Temporal_Pole_Mid_L <=> Cerebelum_10_R,0.0
Temporal_Pole_Mid_L <=> Cerebelum_10_L,0.0
Temporal_Pole_Mid_R <=> Temporal_Inf_L,0.0
Temporal_Pole_Mid_L <=> Cerebelum_9_R,0.0
Temporal_Pole_Mid_L <=> Cerebelum_8_R,0.0
Temporal_Pole_Mid_L <=> Cerebelum_8_L,0.0
Temporal_Pole_Mid_L <=> Cerebelum_7b_R,0.0
Temporal_Pole_Mid_L <=> Cerebelum_7b_L,0.0
Temporal_Pole_Mid_L <=> Cerebelum_6_R,0.0
Temporal_Pole_Mid_L <=> Cerebelum_6_L,0.0
Temporal_Pole_Mid_L <=> Cerebelum_4_5_R,0.0
Temporal_Pole_Mid_L <=> Cerebelum_4_5_L,0.0
Temporal_Pole_Mid_L <=> Cerebelum_3_R,0.0
Temporal_Pole_Mid_L <=> Cerebelum_3_L,0.0
Temporal_Pole_Mid_L <=> Cerebelum_9_L,0.0
Temporal_Pole_Mid_R <=> Temporal_Inf_R,0.0
Temporal_Pole_Mid_R <=> Cerebelum_Crus1_L,0.0
Temporal_Pole_Mid_R <=> Cerebelum_Crus1_R,0.0
Temporal_Pole_Mid_R <=> Vermis_9,0.0
Temporal_Pole_Mid_R <=> Vermis_8,0.0
Temporal_Pole_Mid_R <=> Vermis_7,0.0
Temporal_Pole_Mid_R <=> Vermis_6,0.0
Temporal_Pole_Mid_R <=> Vermis_4_5,0.0
Temporal_Pole_Mid_R <=> Vermis_3,0.0
Temporal_Pole_Mid_R <=> Vermis_1_2,0.0
Temporal_Pole_Mid_R <=> Cerebelum_10_R,0.0
Temporal_Pole_Mid_R <=> Cerebelum_10_L,0.0
Temporal_Pole_Mid_R <=> Cerebelum_9_R,0.0
Temporal_Pole_Mid_R <=> Cerebelum_9_L,0.0
Temporal_Pole_Mid_R <=> Cerebelum_8_R,0.0
Temporal_Pole_Mid_R <=> Cerebelum_8_L,0.0
Temporal_Pole_Mid_R <=> Cerebelum_7b_R,0.0
Temporal_Pole_Mid_R <=> Cerebelum_7b_L,0.0
Temporal_Pole_Mid_R <=> Cerebelum_6_R,0.0
Temporal_Pole_Mid_R <=> Cerebelum_6_L,0.0
Temporal_Pole_Mid_R <=> Cerebelum_4_5_R,0.0
Temporal_Pole_Mid_R <=> Cerebelum_4_5_L,0.0
Temporal_Pole_Mid_R <=> Cerebelum_3_R,0.0
Temporal_Pole_Mid_R <=> Cerebelum_3_L,0.0
Temporal_Pole_Mid_R <=> Cerebelum_Crus2_R,0.0
Temporal_Pole_Mid_R <=> Cerebelum_Crus2_L,0.0
Temporal_Inf_L <=> Temporal_Inf_R,0.0
Temporal_Inf_R <=> Vermis_10,0.0
Temporal_Pole_Sup_L <=> Vermis_3,0.0
Temporal_Pole_Sup_L <=> Cerebelum_10_R,0.0
Heschl_L <=> Vermis_6,0.0
Heschl_L <=> Vermis_4_5,0.0
Heschl_L <=> Vermis_3,0.0
Heschl_L <=> Vermis_1_2,0.0
Heschl_L <=> Cerebelum_10_R,0.0
Heschl_L <=> Cerebelum_10_L,0.0
Heschl_L <=> Cerebelum_9_R,0.0
Heschl_L <=> Cerebelum_9_L,0.0
Heschl_L <=> Cerebelum_8_R,0.0
Heschl_L <=> Cerebelum_8_L,0.0
Heschl_L <=> Vermis_7,0.0
Heschl_L <=> Cerebelum_7b_R,0.0
Heschl_L <=> Cerebelum_6_R,0.0
Heschl_L <=> Cerebelum_6_L,0.0
Heschl_L <=> Cerebelum_4_5_R,0.0
Heschl_L <=> Cerebelum_4_5_L,0.0
Heschl_L <=> Cerebelum_3_R,0.0
Heschl_L <=> Cerebelum_3_L,0.0
Heschl_L <=> Cerebelum_Crus2_R,0.0
Heschl_L <=> Cerebelum_Crus2_L,0.0
Heschl_L <=> Cerebelum_Crus1_R,0.0
Heschl_L <=> Cerebelum_Crus1_L,0.0
Heschl_L <=> Cerebelum_7b_L,0.0
Heschl_L <=> Temporal_Inf_R,0.0
Heschl_L <=> Vermis_8,0.0
Heschl_L <=> Vermis_10,0.0
Heschl_R <=> Cerebelum_7b_R,0.0
Heschl_R <=> Cerebelum_7b_L,0.0
Heschl_R <=> Cerebelum_6_R,0.0
Heschl_R <=> Cerebelum_6_L,0.0
Heschl_R <=> Cerebelum_4_5_R,0.0
Heschl_R <=> Cerebelum_4_5_L,0.0
Heschl_R <=> Cerebelum_3_R,0.0
Heschl_R <=> Cerebelum_3_L,0.0
Heschl_R <=> Cerebelum_Crus2_R,0.0
Heschl_R <=> Cerebelum_Crus2_L,0.0
Heschl_L <=> Vermis_9,0.0
Heschl_R <=> Cerebelum_Crus1_R,0.0
Heschl_R <=> Temporal_Inf_R,0.0
Heschl_R <=> Temporal_Inf_L,0.0
Heschl_R <=> Temporal_Pole_Mid_R,0.0
Heschl_R <=> Temporal_Pole_Mid_L,0.0
Heschl_R <=> Temporal_Mid_R,0.0
Heschl_R <=> Temporal_Mid_L,0.0
Heschl_R <=> Temporal_Pole_Sup_R,0.0
Heschl_R <=> Temporal_Pole_Sup_L,0.0
Heschl_R <=> Temporal_Sup_R,0.0
Heschl_R <=> Temporal_Sup_L,0.0
Heschl_R <=> Cerebelum_Crus1_L,0.0
Heschl_L <=> Temporal_Inf_L,0.0
Heschl_L <=> Temporal_Pole_Mid_R,0.0
Heschl_L <=> Temporal_Pole_Mid_L,0.0
Thalamus_R <=> Cerebelum_3_R,0.0
Thalamus_R <=> Cerebelum_3_L,0.0
Thalamus_R <=> Cerebelum_Crus2_R,0.0
Thalamus_R <=> Cerebelum_Crus2_L,0.0
Thalamus_R <=> Cerebelum_Crus1_R,0.0
Thalamus_R <=> Cerebelum_Crus1_L,0.0
Thalamus_R <=> Temporal_Inf_R,0.0
Thalamus_R <=> Temporal_Inf_L,0.0
Thalamus_R <=> Temporal_Pole_Mid_R,0.0
Thalamus_R <=> Temporal_Pole_Mid_L,0.0
Thalamus_R <=> Cerebelum_4_5_L,0.0
Thalamus_R <=> Temporal_Mid_R,0.0
Thalamus_R <=> Temporal_Pole_Sup_R,0.0
Thalamus_R <=> Temporal_Pole_Sup_L,0.0
Thalamus_R <=> Temporal_Sup_R,0.0
Thalamus_R <=> Temporal_Sup_L,0.0
Thalamus_R <=> Heschl_R,0.0
Thalamus_R <=> Heschl_L,0.0
Thalamus_L <=> Vermis_10,0.0
Thalamus_L <=> Vermis_9,0.0
Thalamus_L <=> Vermis_8,0.0
Thalamus_L <=> Vermis_7,0.0
Thalamus_R <=> Temporal_Mid_L,0.0
Thalamus_R <=> Cerebelum_4_5_R,0.0
Thalamus_R <=> Cerebelum_6_L,0.0
Thalamus_R <=> Cerebelum_6_R,0.0
Heschl_L <=> Temporal_Mid_R,0.0
Heschl_L <=> Temporal_Mid_L,0.0
Heschl_L <=> Temporal_Pole_Sup_R,0.0
Heschl_L <=> Temporal_Pole_Sup_L,0.0
Heschl_L <=> Temporal_Sup_R,0.0
Heschl_L <=> Temporal_Sup_L,0.0
Heschl_L <=> Heschl_R,0.0
Thalamus_R <=> Vermis_10,0.0
Thalamus_R <=> Vermis_9,0.0
Thalamus_R <=> Vermis_8,0.0
Thalamus_R <=> Vermis_7,0.0
Thalamus_R <=> Vermis_6,0.0
Thalamus_R <=> Vermis_4_5,0.0
Thalamus_R <=> Vermis_3,0.0
Thalamus_R <=> Vermis_1_2,0.0
Thalamus_R <=> Cerebelum_10_R,0.0
Thalamus_R <=> Cerebelum_10_L,0.0
Thalamus_R <=> Cerebelum_9_R,0.0
Thalamus_R <=> Cerebelum_9_L,0.0
Thalamus_R <=> Cerebelum_8_R,0.0
Thalamus_R <=> Cerebelum_8_L,0.0
Thalamus_R <=> Cerebelum_7b_R,0.0
Thalamus_R <=> Cerebelum_7b_L,0.0
Heschl_R <=> Cerebelum_8_L,0.0
Heschl_R <=> Cerebelum_8_R,0.0
Heschl_R <=> Cerebelum_9_L,0.0
Heschl_R <=> Cerebelum_9_R,0.0
Temporal_Sup_R <=> Vermis_7,0.0
Temporal_Sup_R <=> Vermis_6,0.0
Temporal_Sup_R <=> Vermis_4_5,0.0
Temporal_Sup_R <=> Vermis_3,0.0
Temporal_Sup_R <=> Vermis_1_2,0.0
Temporal_Sup_R <=> Cerebelum_10_R,0.0
Temporal_Sup_R <=> Cerebelum_10_L,0.0
Temporal_Sup_R <=> Cerebelum_9_R,0.0
Temporal_Sup_R <=> Cerebelum_9_L,0.0
Temporal_Sup_R <=> Cerebelum_8_R,0.0
Temporal_Sup_R <=> Vermis_8,0.0
Temporal_Sup_R <=> Cerebelum_8_L,0.0
Temporal_Sup_R <=> Cerebelum_7b_L,0.0
Temporal_Sup_R <=> Cerebelum_6_R,0.0
Temporal_Sup_R <=> Cerebelum_6_L,0.0
Temporal_Sup_R <=> Cerebelum_4_5_R,0.0
Temporal_Sup_R <=> Cerebelum_4_5_L,0.0
Temporal_Sup_R <=> Cerebelum_3_R,0.0
Temporal_Sup_R <=> Cerebelum_3_L,0.0
Temporal_Sup_R <=> Cerebelum_Crus2_R,0.0
Temporal_Sup_R <=> Cerebelum_Crus2_L,0.0
Temporal_Sup_R <=> Cerebelum_Crus1_R,0.0
Temporal_Sup_R <=> Cerebelum_7b_R,0.0
Temporal_Sup_R <=> Vermis_9,0.0
Temporal_Sup_R <=> Vermis_10,0.0
Temporal_Pole_Sup_L <=> Temporal_Pole_Sup_R,0.0
Temporal_Pole_Sup_L <=> Cerebelum_10_L,0.0
Temporal_Pole_Sup_L <=> Cerebelum_9_R,0.0
Temporal_Pole_Sup_L <=> Cerebelum_9_L,0.0
Temporal_Pole_Sup_L <=> Cerebelum_8_R,0.0
Temporal_Pole_Sup_L <=> Cerebelum_8_L,0.0
Temporal_Pole_Sup_L <=> Cerebelum_7b_R,0.0
Temporal_Pole_Sup_L <=> Cerebelum_7b_L,0.0
Temporal_Pole_Sup_L <=> Cerebelum_6_R,0.0
Temporal_Pole_Sup_L <=> Cerebelum_6_L,0.0
Temporal_Pole_Sup_L <=> Cerebelum_4_5_R,0.0
Temporal_Pole_Sup_L <=> Cerebelum_4_5_L,0.0
Temporal_Pole_Sup_L <=> Cerebelum_3_R,0.0
Temporal_Pole_Sup_L <=> Cerebelum_3_L,0.0
Temporal_Pole_Sup_L <=> Cerebelum_Crus2_R,0.0
Temporal_Pole_Sup_L <=> Cerebelum_Crus2_L,0.0
Temporal_Pole_Sup_L <=> Cerebelum_Crus1_R,0.0
Temporal_Pole_Sup_L <=> Cerebelum_Crus1_L,0.0
Temporal_Pole_Sup_L <=> Temporal_Inf_R,0.0
Temporal_Pole_Sup_L <=> Temporal_Inf_L,0.0
Temporal_Pole_Sup_L <=> Temporal_Pole_Mid_R,0.0
Temporal_Pole_Sup_L <=> Temporal_Pole_Mid_L,0.0
Temporal_Pole_Sup_L <=> Temporal_Mid_R,0.0
Temporal_Pole_Sup_L <=> Temporal_Mid_L,0.0
Temporal_Sup_R <=> Cerebelum_Crus1_L,0.0
Temporal_Pole_Sup_L <=> Vermis_1_2,0.0
Temporal_Sup_R <=> Temporal_Inf_R,0.0
Temporal_Sup_R <=> Temporal_Pole_Mid_R,0.0
Temporal_Sup_L <=> Cerebelum_Crus2_L,0.0
Temporal_Sup_L <=> Cerebelum_Crus1_R,0.0
Temporal_Sup_L <=> Cerebelum_Crus1_L,0.0
Temporal_Sup_L <=> Temporal_Inf_R,0.0
Temporal_Sup_L <=> Temporal_Inf_L,0.0
Temporal_Sup_L <=> Temporal_Pole_Mid_R,0.0
Temporal_Sup_L <=> Temporal_Pole_Mid_L,0.0
Temporal_Sup_L <=> Temporal_Mid_R,0.0
Temporal_Sup_L <=> Temporal_Mid_L,0.0
Temporal_Sup_L <=> Temporal_Pole_Sup_R,0.0
Temporal_Sup_L <=> Cerebelum_Crus2_R,0.0
Temporal_Sup_L <=> Temporal_Pole_Sup_L,0.0
Heschl_R <=> Vermis_10,0.0
Heschl_R <=> Vermis_9,0.0
Heschl_R <=> Vermis_8,0.0
Heschl_R <=> Vermis_7,0.0
Heschl_R <=> Vermis_6,0.0
Heschl_R <=> Vermis_4_5,0.0
Heschl_R <=> Vermis_3,0.0
Heschl_R <=> Vermis_1_2,0.0
Heschl_R <=> Cerebelum_10_R,0.0
Heschl_R <=> Cerebelum_10_L,0.0
Temporal_Sup_L <=> Temporal_Sup_R,0.0
Temporal_Sup_L <=> Cerebelum_3_L,0.0
Temporal_Sup_L <=> Cerebelum_3_R,0.0
Temporal_Sup_L <=> Cerebelum_4_5_L,0.0
Temporal_Sup_R <=> Temporal_Pole_Mid_L,0.0
Temporal_Sup_R <=> Temporal_Mid_R,0.0
Temporal_Sup_R <=> Temporal_Mid_L,0.0
Temporal_Sup_R <=> Temporal_Pole_Sup_R,0.0
Temporal_Sup_R <=> Temporal_Pole_Sup_L,0.0
Temporal_Sup_L <=> Vermis_10,0.0
Temporal_Sup_L <=> Vermis_9,0.0
Temporal_Sup_L <=> Vermis_8,0.0
Temporal_Sup_L <=> Vermis_7,0.0
Temporal_Sup_L <=> Vermis_6,0.0
Temporal_Sup_L <=> Vermis_3,0.0
Temporal_Sup_L <=> Vermis_1_2,0.0
Temporal_Sup_L <=> Cerebelum_10_R,0.0
Temporal_Sup_L <=> Cerebelum_10_L,0.0
Temporal_Sup_L <=> Cerebelum_9_R,0.0
Temporal_Sup_L <=> Cerebelum_9_L,0.0
Temporal_Sup_L <=> Cerebelum_8_R,0.0
Temporal_Sup_L <=> Cerebelum_8_L,0.0
Temporal_Sup_L <=> Cerebelum_7b_R,0.0
Temporal_Sup_L <=> Cerebelum_7b_L,0.0
Temporal_Sup_L <=> Cerebelum_6_R,0.0
Temporal_Sup_L <=> Cerebelum_6_L,0.0
Temporal_Sup_L <=> Cerebelum_4_5_R,0.0
Temporal_Sup_R <=> Temporal_Inf_L,0.0
Cerebelum_Crus1_L <=> Cerebelum_Crus1_R,0.0
Cerebelum_Crus1_L <=> Cerebelum_Crus2_L,0.0
Cerebelum_Crus1_L <=> Cerebelum_Crus2_R,0.0
Cerebelum_10_R <=> Vermis_1_2,0.0
Cerebelum_10_L <=> Vermis_10,0.0
Cerebelum_10_L <=> Vermis_9,0.0
Cerebelum_10_L <=> Vermis_8,0.0
Cerebelum_10_L <=> Vermis_7,0.0
Cerebelum_10_L <=> Vermis_6,0.0
Cerebelum_10_L <=> Vermis_4_5,0.0
Cerebelum_10_L <=> Vermis_3,0.0
Cerebelum_10_L <=> Vermis_1_2,0.0
Cerebelum_10_L <=> Cerebelum_10_R,0.0
Cerebelum_10_R <=> Vermis_3,0.0
Cerebelum_9_R <=> Vermis_10,0.0
Cerebelum_9_R <=> Vermis_8,0.0
Cerebelum_9_R <=> Vermis_7,0.0
Cerebelum_9_R <=> Vermis_6,0.0
Cerebelum_9_R <=> Vermis_4_5,0.0
Cerebelum_9_R <=> Vermis_3,0.0
Cerebelum_9_R <=> Vermis_1_2,0.0
Cerebelum_9_R <=> Cerebelum_10_R,0.0
Cerebelum_9_R <=> Cerebelum_10_L,0.0
Cerebelum_9_L <=> Vermis_10,0.0
Cerebelum_9_L <=> Vermis_9,0.0
Cerebelum_9_R <=> Vermis_9,0.0
Cerebelum_9_L <=> Vermis_8,0.0
Cerebelum_10_R <=> Vermis_4_5,0.0
Cerebelum_10_R <=> Vermis_7,0.0
Vermis_6 <=> Vermis_7,0.0
Vermis_4_5 <=> Vermis_10,0.0
Vermis_4_5 <=> Vermis_9,0.0
Vermis_4_5 <=> Vermis_8,0.0
Vermis_4_5 <=> Vermis_7,0.0
Vermis_4_5 <=> Vermis_6,0.0
Vermis_3 <=> Vermis_10,0.0
Vermis_3 <=> Vermis_9,0.0
Vermis_3 <=> Vermis_8,0.0
Vermis_3 <=> Vermis_7,0.0
Cerebelum_10_R <=> Vermis_6,0.0
Vermis_3 <=> Vermis_6,0.0
Vermis_1_2 <=> Vermis_10,0.0
Vermis_1_2 <=> Vermis_9,0.0
Vermis_1_2 <=> Vermis_8,0.0
Vermis_1_2 <=> Vermis_7,0.0
Vermis_1_2 <=> Vermis_6,0.0
Vermis_1_2 <=> Vermis_4_5,0.0
Vermis_1_2 <=> Vermis_3,0.0
Cerebelum_10_R <=> Vermis_10,0.0
Cerebelum_10_R <=> Vermis_9,0.0
Cerebelum_10_R <=> Vermis_8,0.0
Vermis_3 <=> Vermis_4_5,0.0
Cerebelum_9_L <=> Vermis_7,0.0
Cerebelum_9_L <=> Vermis_6,0.0
Cerebelum_9_L <=> Vermis_4_5,0.0
Cerebelum_8_L <=> Cerebelum_9_R,0.0
Cerebelum_8_L <=> Cerebelum_9_L,0.0
Cerebelum_8_L <=> Cerebelum_8_R,0.0
Cerebelum_7b_R <=> Vermis_10,0.0
Cerebelum_7b_R <=> Vermis_9,0.0
Cerebelum_7b_R <=> Vermis_8,0.0
Cerebelum_7b_R <=> Vermis_7,0.0
Cerebelum_7b_R <=> Vermis_6,0.0
Cerebelum_7b_R <=> Vermis_4_5,0.0
Cerebelum_7b_R <=> Vermis_3,0.0
Cerebelum_8_L <=> Cerebelum_10_L,0.0
Cerebelum_7b_R <=> Vermis_1_2,0.0
Cerebelum_7b_R <=> Cerebelum_10_L,0.0
Cerebelum_7b_R <=> Cerebelum_9_R,0.0
Cerebelum_7b_R <=> Cerebelum_9_L,0.0
Cerebelum_7b_R <=> Cerebelum_8_R,0.0
Cerebelum_7b_R <=> Cerebelum_8_L,0.0
Cerebelum_7b_L <=> Vermis_10,0.0
Cerebelum_7b_L <=> Vermis_9,0.0
Cerebelum_7b_L <=> Vermis_8,0.0
Cerebelum_7b_L <=> Vermis_7,0.0
Cerebelum_7b_L <=> Vermis_6,0.0
Cerebelum_7b_R <=> Cerebelum_10_R,0.0
Cerebelum_8_L <=> Cerebelum_10_R,0.0
Cerebelum_8_L <=> Vermis_1_2,0.0
Cerebelum_8_L <=> Vermis_3,0.0
Cerebelum_9_L <=> Vermis_3,0.0
Cerebelum_9_L <=> Vermis_1_2,0.0
Cerebelum_9_L <=> Cerebelum_10_R,0.0
Cerebelum_9_L <=> Cerebelum_10_L,0.0
Cerebelum_9_L <=> Cerebelum_9_R,0.0
Cerebelum_8_R <=> Vermis_10,0.0
Cerebelum_8_R <=> Vermis_9,0.0
Cerebelum_8_R <=> Vermis_8,0.0
Cerebelum_8_R <=> Vermis_7,0.0
Cerebelum_8_R <=> Vermis_6,0.0
Cerebelum_8_R <=> Vermis_4_5,0.0
Cerebelum_8_R <=> Vermis_3,0.0
Cerebelum_8_R <=> Vermis_1_2,0.0
Cerebelum_8_R <=> Cerebelum_10_R,0.0
Cerebelum_8_R <=> Cerebelum_10_L,0.0
Cerebelum_8_R <=> Cerebelum_9_R,0.0
Cerebelum_8_R <=> Cerebelum_9_L,0.0
Cerebelum_8_L <=> Vermis_10,0.0
Cerebelum_8_L <=> Vermis_9,0.0
Cerebelum_8_L <=> Vermis_8,0.0
Cerebelum_8_L <=> Vermis_7,0.0
Cerebelum_8_L <=> Vermis_6,0.0
Cerebelum_8_L <=> Vermis_4_5,0.0
Vermis_6 <=> Vermis_8,0.0
Vermis_6 <=> Vermis_9,0.0
Vermis_6 <=> Vermis_10,0.0
Vermis_7 <=> Vermis_8,0.0
Olfactory_L <=> Cingulum_Mid_R_diff_Parietal_Inf_R <=> Temporal_Inf_L,0.0
Precuneus_R <=> Pallidum_R_diff_Cerebelum_Crus1_L <=> Vermis_1_2,0.0
ParaHippocampal_L <=> Vermis_6_multiply_Frontal_Sup_L <=> Cerebelum_Crus2_L,0.0
Heschl_R <=> Cerebelum_7b_L_ratio_Precentral_R <=> Heschl_L,0.0
Frontal_Inf_Oper_L <=> Temporal_Pole_Mid_L_diff_Pallidum_R <=> Cerebelum_3_L,0.0
Heschl_R <=> Temporal_Inf_R_sum_Frontal_Sup_Orb_R <=> Frontal_Sup_Medial_R,0.0
Occipital_Sup_L <=> Cerebelum_Crus1_L_multiply_Frontal_Inf_Tri_R <=> Temporal_Pole_Mid_L,0.0
Occipital_Sup_R <=> Cerebelum_8_R_ratio_Precentral_L <=> Hippocampus_L,0.0
Occipital_Inf_L <=> Angular_R_sum_Supp_Motor_Area_L <=> Precuneus_R,0.0
Caudate_R <=> Vermis_10_ratio_Cerebelum_Crus2_R <=> Vermis_10,0.0
Caudate_R <=> Vermis_7_diff_Thalamus_L <=> Vermis_9,0.0
Occipital_Sup_R <=> Precuneus_R_ratio_Frontal_Inf_Tri_L <=> Paracentral_Lobule_R,0.0
Supp_Motor_Area_R <=> Insula_L_sum_Frontal_Mid_Orb_R <=> Olfactory_L,0.0
Frontal_Mid_R <=> Putamen_R_ratio_Frontal_Sup_Medial_L <=> Vermis_8,0.0
Cingulum_Ant_L <=> Cerebelum_7b_R_ratio_Paracentral_Lobule_R <=> Pallidum_R,0.0
Precentral_L <=> Cerebelum_4_5_R_diff_Frontal_Sup_Medial_R <=> Heschl_R,0.0
Postcentral_R <=> Temporal_Mid_L_ratio_Frontal_Sup_Medial_R <=> Parietal_Inf_L,0.0
Cingulum_Ant_L <=> Hippocampus_L_diff_Cingulum_Mid_R <=> Calcarine_L,0.0
Heschl_R <=> Vermis_7_multiply_Frontal_Inf_Tri_L <=> Fusiform_L,0.0
Hippocampus_L <=> ParaHippocampal_L_ratio_Cerebelum_6_L <=> Cerebelum_8_R,0.0
Cerebelum_6_L <=> Cerebelum_8_R_ratio_Hippocampus_L <=> ParaHippocampal_L,0.0
Precentral_L <=> Temporal_Pole_Sup_R_diff_Frontal_Sup_L <=> Cerebelum_3_L,0.0
Rolandic_Oper_L <=> Angular_L_multiply_Precentral_L <=> Frontal_Sup_Medial_L,0.0
Pallidum_L <=> Cerebelum_4_5_L_ratio_Putamen_R <=> Heschl_R,0.0
Frontal_Inf_Oper_R <=> Paracentral_Lobule_R_multiply_Frontal_Mid_L <=> Cingulum_Ant_L,0.0
Olfactory_L <=> Occipital_Mid_L_diff_Occipital_Sup_R <=> Putamen_L,0.0
Olfactory_R <=> Amygdala_R_ratio_Frontal_Inf_Orb_R <=> Cuneus_R,0.0
Insula_R <=> Cuneus_L_multiply_Insula_L <=> Fusiform_R,0.0
Cerebelum_3_R <=> Vermis_4_5_ratio_Cerebelum_3_L <=> Cerebelum_3_R,0.0
Frontal_Mid_Orb_L <=> Frontal_Sup_Medial_R_diff_Frontal_Mid_Orb_L <=> Cerebelum_7b_L,0.0
Putamen_L <=> Temporal_Mid_R_multiply_Frontal_Inf_Oper_R <=> Postcentral_R,0.0
Cingulum_Ant_R <=> Vermis_3_ratio_Postcentral_R <=> Cerebelum_7b_L,0.0
Frontal_Inf_Oper_R <=> Vermis_7_ratio_Frontal_Mid_Orb_R <=> Cerebelum_7b_L,0.0
Occipital_Sup_R <=> Putamen_L_ratio_Olfactory_L <=> Occipital_Mid_L,0.0
Postcentral_R <=> Temporal_Sup_L_ratio_Putamen_R <=> Cerebelum_Crus2_L,0.0
Rectus_L <=> Angular_R_ratio_Insula_R <=> Cerebelum_Crus2_R,0.0
Precentral_R <=> Calcarine_R_diff_Paracentral_Lobule_R <=> Temporal_Pole_Mid_L,0.0
Caudate_R <=> Vermis_10_ratio_SupraMarginal_R <=> Precuneus_L,0.0
Olfactory_L <=> Cerebelum_6_R_diff_Lingual_L <=> Heschl_L,0.0
Pallidum_L <=> Cerebelum_3_L_sum_Lingual_R <=> Heschl_R,0.0
Frontal_Inf_Tri_L <=> Supp_Motor_Area_L_diff_Insula_R <=> Vermis_4_5,0.0
Frontal_Sup_Medial_L <=> Rectus_R_ratio_Paracentral_Lobule_L <=> Paracentral_Lobule_R,0.0
Fusiform_L <=> Vermis_7_multiply_Frontal_Sup_L <=> Cerebelum_8_R,0.0
Postcentral_L <=> Parietal_Sup_R_multiply_Occipital_Inf_R <=> Thalamus_L,0.0
Frontal_Inf_Oper_R <=> Angular_R_ratio_Frontal_Inf_Orb_L <=> Postcentral_R,0.0
Frontal_Med_Orb_R <=> Rectus_R_ratio_Insula_L <=> Vermis_4_5,0.0
Cingulum_Post_R <=> Cerebelum_4_5_R_ratio_Rectus_R <=> Temporal_Sup_R,0.0
Parietal_Sup_L <=> Temporal_Pole_Sup_R_sum_Postcentral_R <=> Cerebelum_Crus1_R,0.0
SupraMarginal_R <=> Paracentral_Lobule_R_sum_Frontal_Sup_Orb_R <=> Calcarine_R,0.0
Pallidum_R <=> Cerebelum_4_5_R_multiply_Frontal_Inf_Orb_L <=> SupraMarginal_L,0.0
Cerebelum_7b_L <=> Vermis_4_5,0.0
ParaHippocampal_R <=> Occipital_Sup_L_multiply_Frontal_Inf_Tri_L <=> Cingulum_Mid_R,0.0
Cingulum_Ant_L <=> Vermis_8_multiply_Frontal_Inf_Orb_L <=> Olfactory_R,0.0
Lingual_R <=> Angular_R_diff_Putamen_L <=> Heschl_R,0.0
Frontal_Inf_Orb_R <=> SupraMarginal_L_diff_Cuneus_L <=> Vermis_7,0.0
Temporal_Sup_R <=> Cerebelum_4_5_R_ratio_Cuneus_R <=> Putamen_L,0.0
Rectus_L <=> Temporal_Inf_R_sum_Frontal_Inf_Oper_R <=> Supp_Motor_Area_L,0.0
Frontal_Sup_Medial_L <=> Vermis_6_ratio_Amygdala_R <=> Thalamus_R,0.0
Temporal_Sup_L <=> Cerebelum_10_L_sum_Frontal_Sup_Orb_L <=> Occipital_Sup_L,0.0
Frontal_Sup_Medial_L <=> Temporal_Pole_Mid_R_sum_Frontal_Sup_L <=> Cerebelum_Crus2_L,0.0
Olfactory_R <=> Cingulum_Ant_L_sum_Supp_Motor_Area_R <=> Parietal_Sup_L,0.0
Frontal_Inf_Oper_L <=> Rolandic_Oper_R_diff_Insula_L <=> Vermis_4_5,0.0
Parietal_Inf_R <=> Vermis_4_5_diff_Temporal_Mid_L <=> Cerebelum_8_L,0.0
Amygdala_R <=> Temporal_Pole_Sup_L_ratio_Amygdala_L <=> Pallidum_L,0.0
Frontal_Sup_Orb_R <=> Frontal_Inf_Orb_L_diff_Caudate_L <=> Pallidum_R,0.0
Pallidum_L <=> Cerebelum_4_5_R_multiply_Insula_L <=> Cerebelum_Crus2_L,0.0
Supp_Motor_Area_R <=> Olfactory_L_sum_Rolandic_Oper_L <=> Putamen_R,0.0
SupraMarginal_R <=> Cerebelum_6_R_diff_Cerebelum_7b_L <=> Vermis_3,0.0
Precuneus_L <=> Vermis_3_sum_Insula_L <=> Thalamus_R,0.0
SupraMarginal_L <=> Temporal_Pole_Mid_R_sum_Rectus_R <=> Occipital_Sup_R,0.0
Vermis_9 <=> Vermis_10,0.0
Vermis_8 <=> Vermis_10,0.0
Vermis_8 <=> Vermis_9,0.0
Vermis_7 <=> Vermis_10,0.0
Vermis_7 <=> Vermis_9,0.0
Putamen_R <=> Temporal_Pole_Mid_R_sum_Frontal_Sup_L <=> Occipital_Inf_R,0.0
Amygdala_L <=> Pallidum_L_ratio_Amygdala_R <=> Temporal_Pole_Sup_L,0.0
Frontal_Mid_R <=> Putamen_R_diff_Fusiform_L <=> Parietal_Inf_R,0.0
Postcentral_R <=> Temporal_Mid_L_sum_Frontal_Sup_Medial_L <=> Rectus_R,0.0
Thalamus_R <=> Cerebelum_6_R_sum_Frontal_Mid_Orb_L <=> Amygdala_L,0.0
Frontal_Inf_Oper_R <=> Cerebelum_10_L_ratio_Cingulum_Ant_R <=> Cerebelum_Crus2_R,0.0
Amygdala_R <=> Occipital_Inf_L_diff_Paracentral_Lobule_L <=> Vermis_6,0.0
Temporal_Inf_L <=> Vermis_8_multiply_Frontal_Inf_Orb_L <=> Temporal_Pole_Mid_R,0.0
Heschl_L <=> Vermis_7_sum_Supp_Motor_Area_L <=> Olfactory_R,0.0
Lingual_L <=> Temporal_Pole_Mid_L_multiply_Cingulum_Ant_L <=> Calcarine_L,0.0
Caudate_L <=> Cerebelum_9_L_ratio_Parietal_Inf_R <=> Temporal_Mid_R,0.0
Cingulum_Ant_L <=> Cerebelum_Crus2_L_ratio_Temporal_Mid_L <=> Cerebelum_8_R,0.0
Precentral_L <=> Frontal_Inf_Oper_L_ratio_Frontal_Mid_Orb_L <=> Frontal_Inf_Orb_R,0.0
Frontal_Inf_Oper_L <=> Rolandic_Oper_L_diff_Cingulum_Ant_R <=> Amygdala_R,0.0
Heschl_L <=> Vermis_1_2_multiply_Cuneus_R <=> Occipital_Inf_L,0.0
Cuneus_R <=> Cerebelum_3_L_ratio_Cingulum_Ant_L <=> Vermis_3,0.0
Frontal_Med_Orb_R <=> Temporal_Pole_Mid_L_ratio_Paracentral_Lobule_R <=> Temporal_Pole_Mid_L,0.0
Hippocampus_L <=> Cerebelum_Crus1_L_sum_Cingulum_Mid_L <=> Cerebelum_7b_L,0.0
Rolandic_Oper_R <=> Fusiform_R_diff_Frontal_Sup_Medial_L <=> Cerebelum_9_L,0.0
Temporal_Mid_L <=> Cerebelum_Crus2_L_sum_Frontal_Inf_Tri_R <=> Pallidum_R,0.0
Heschl_L <=> Temporal_Mid_L_multiply_Cingulum_Post_L <=> Fusiform_R,0.0
Olfactory_L <=> Olfactory_R_diff_SupraMarginal_R <=> Vermis_1_2,0.0
Frontal_Inf_Tri_L <=> Paracentral_Lobule_R_ratio_Occipital_Sup_R <=> Precuneus_R,0.0
ParaHippocampal_R <=> Parietal_Inf_R_ratio_Lingual_R <=> Pallidum_R,0.0
Olfactory_R <=> Postcentral_R_diff_Olfactory_R <=> Cerebelum_4_5_R,0.0
Occipital_Sup_L <=> Temporal_Pole_Sup_L_multiply_Frontal_Sup_Medial_R <=> Cerebelum_9_L,0.0
Cerebelum_3_L <=> Cerebelum_7b_R_ratio_Frontal_Mid_Orb_R <=> Fusiform_R,0.0
Frontal_Mid_R <=> Occipital_Sup_R_ratio_Frontal_Sup_Medial_L <=> Vermis_8,0.0
Cerebelum_7b_L <=> Vermis_3,0.0
Cerebelum_7b_L <=> Vermis_1_2,0.0
Cerebelum_7b_L <=> Cerebelum_10_R,0.0
Cerebelum_Crus2_R <=> Cerebelum_6_R,0.0
Cerebelum_Crus2_R <=> Cerebelum_6_L,0.0
Cerebelum_Crus2_R <=> Cerebelum_4_5_R,0.0
Cerebelum_Crus2_R <=> Cerebelum_4_5_L,0.0
Cerebelum_Crus2_R <=> Cerebelum_3_R,0.0
Cerebelum_Crus2_R <=> Cerebelum_3_L,0.0
Cerebelum_Crus2_L <=> Vermis_10,0.0
Cerebelum_Crus2_L <=> Vermis_9,0.0
Cerebelum_Crus2_L <=> Vermis_8,0.0
Cerebelum_Crus2_L <=> Vermis_7,0.0
Cerebelum_Crus2_R <=> Cerebelum_7b_L,0.0
Cerebelum_Crus2_L <=> Vermis_6,0.0
Cerebelum_Crus2_L <=> Vermis_3,0.0
Cerebelum_Crus2_L <=> Vermis_1_2,0.0
Cerebelum_Crus2_L <=> Cerebelum_10_R,0.0
Cerebelum_Crus2_L <=> Cerebelum_10_L,0.0
Cerebelum_Crus2_L <=> Cerebelum_9_R,0.0
Cerebelum_Crus2_L <=> Cerebelum_9_L,0.0
Cerebelum_Crus2_L <=> Cerebelum_8_R,0.0
Cerebelum_Crus2_L <=> Cerebelum_8_L,0.0
Cerebelum_Crus2_L <=> Cerebelum_7b_R,0.0
Cerebelum_Crus2_L <=> Cerebelum_7b_L,0.0
Cerebelum_Crus2_L <=> Vermis_4_5,0.0
Cerebelum_Crus2_R <=> Cerebelum_7b_R,0.0
Cerebelum_Crus2_R <=> Cerebelum_8_L,0.0
Cerebelum_Crus2_R <=> Cerebelum_8_R,0.0
Cerebelum_3_L <=> Cerebelum_9_R,0.0
Cerebelum_3_L <=> Cerebelum_9_L,0.0
Cerebelum_3_L <=> Cerebelum_8_R,0.0
Cerebelum_3_L <=> Cerebelum_8_L,0.0
Cerebelum_3_L <=> Cerebelum_7b_R,0.0
Cerebelum_3_L <=> Cerebelum_7b_L,0.0
Cerebelum_3_L <=> Cerebelum_6_R,0.0
Cerebelum_3_L <=> Cerebelum_6_L,0.0
Cerebelum_3_L <=> Cerebelum_4_5_R,0.0
Cerebelum_3_L <=> Cerebelum_4_5_L,0.0
Cerebelum_3_L <=> Cerebelum_3_R,0.0
Cerebelum_Crus2_R <=> Vermis_10,0.0
Cerebelum_Crus2_R <=> Vermis_9,0.0
Cerebelum_Crus2_R <=> Vermis_8,0.0
Cerebelum_Crus2_R <=> Vermis_7,0.0
Cerebelum_Crus2_R <=> Vermis_6,0.0
Cerebelum_Crus2_R <=> Vermis_4_5,0.0
Cerebelum_Crus2_R <=> Vermis_3,0.0
Cerebelum_Crus2_R <=> Vermis_1_2,0.0
Cerebelum_Crus2_R <=> Cerebelum_10_R,0.0
Cerebelum_Crus2_R <=> Cerebelum_10_L,0.0
Cerebelum_Crus2_R <=> Cerebelum_9_R,0.0
Cerebelum_Crus2_R <=> Cerebelum_9_L,0.0
Cerebelum_Crus2_L <=> Cerebelum_6_R,0.0
Cerebelum_3_L <=> Cerebelum_10_L,0.0
Cerebelum_Crus2_L <=> Cerebelum_6_L,0.0
Cerebelum_Crus2_L <=> Cerebelum_4_5_L,0.0
Cerebelum_Crus1_L <=> Vermis_10,0.0
Cerebelum_Crus1_L <=> Vermis_9,0.0
Cerebelum_Crus1_L <=> Vermis_8,0.0
Cerebelum_Crus1_L <=> Vermis_7,0.0
Cerebelum_Crus1_L <=> Vermis_6,0.0
Cerebelum_Crus1_L <=> Vermis_4_5,0.0
Cerebelum_Crus1_L <=> Vermis_3,0.0
Cerebelum_Crus1_L <=> Vermis_1_2,0.0
Cerebelum_Crus1_L <=> Cerebelum_10_R,0.0
Cerebelum_Crus1_L <=> Cerebelum_10_L,0.0
Cerebelum_Crus1_R <=> Cerebelum_Crus2_L,0.0
Cerebelum_Crus1_L <=> Cerebelum_9_R,0.0
Cerebelum_Crus1_L <=> Cerebelum_8_R,0.0
Cerebelum_Crus1_L <=> Cerebelum_8_L,0.0
Cerebelum_Crus1_L <=> Cerebelum_7b_R,0.0
Cerebelum_Crus1_L <=> Cerebelum_7b_L,0.0
Cerebelum_Crus1_L <=> Cerebelum_6_R,0.0
Cerebelum_Crus1_L <=> Cerebelum_6_L,0.0
Cerebelum_Crus1_L <=> Cerebelum_4_5_R,0.0
Cerebelum_Crus1_L <=> Cerebelum_4_5_L,0.0
Cerebelum_Crus1_L <=> Cerebelum_3_R,0.0
Cerebelum_Crus1_L <=> Cerebelum_3_L,0.0
Cerebelum_Crus1_L <=> Cerebelum_9_L,0.0
Cerebelum_Crus1_R <=> Cerebelum_Crus2_R,0.0
Cerebelum_Crus1_R <=> Cerebelum_3_L,0.0
Cerebelum_Crus1_R <=> Cerebelum_3_R,0.0
Cerebelum_Crus2_L <=> Cerebelum_3_R,0.0
Cerebelum_Crus2_L <=> Cerebelum_3_L,0.0
Cerebelum_Crus2_L <=> Cerebelum_Crus2_R,0.0
Cerebelum_Crus1_R <=> Vermis_10,0.0
Cerebelum_Crus1_R <=> Vermis_9,0.0
Cerebelum_Crus1_R <=> Vermis_8,0.0
Cerebelum_Crus1_R <=> Vermis_7,0.0
Cerebelum_Crus1_R <=> Vermis_6,0.0
Cerebelum_Crus1_R <=> Vermis_4_5,0.0
Cerebelum_Crus1_R <=> Vermis_3,0.0
Cerebelum_Crus1_R <=> Vermis_1_2,0.0
Cerebelum_Crus1_R <=> Cerebelum_10_R,0.0
Cerebelum_Crus1_R <=> Cerebelum_10_L,0.0
Cerebelum_Crus1_R <=> Cerebelum_9_R,0.0
Cerebelum_Crus1_R <=> Cerebelum_9_L,0.0
Cerebelum_Crus1_R <=> Cerebelum_8_R,0.0
Cerebelum_Crus1_R <=> Cerebelum_8_L,0.0
Cerebelum_Crus1_R <=> Cerebelum_7b_R,0.0
Cerebelum_Crus1_R <=> Cerebelum_7b_L,0.0
Cerebelum_Crus1_R <=> Cerebelum_6_R,0.0
Cerebelum_Crus1_R <=> Cerebelum_6_L,0.0
Cerebelum_Crus1_R <=> Cerebelum_4_5_R,0.0
Cerebelum_Crus1_R <=> Cerebelum_4_5_L,0.0
Cerebelum_Crus2_L <=> Cerebelum_4_5_R,0.0
Thalamus_L <=> Vermis_6,0.0
Cerebelum_3_L <=> Cerebelum_10_R,0.0
Cerebelum_3_L <=> Vermis_3,0.0
Cerebelum_6_L <=> Vermis_4_5,0.0
Cerebelum_6_L <=> Vermis_3,0.0
Cerebelum_6_L <=> Vermis_1_2,0.0
Cerebelum_6_L <=> Cerebelum_10_R,0.0
Cerebelum_6_L <=> Cerebelum_10_L,0.0
Cerebelum_6_L <=> Cerebelum_9_R,0.0
Cerebelum_6_L <=> Cerebelum_9_L,0.0
Cerebelum_6_L <=> Cerebelum_8_R,0.0
Cerebelum_6_L <=> Cerebelum_8_L,0.0
Cerebelum_6_L <=> Cerebelum_7b_R,0.0
Cerebelum_6_L <=> Vermis_6,0.0
Cerebelum_6_L <=> Cerebelum_7b_L,0.0
Cerebelum_4_5_R <=> Vermis_10,0.0
Cerebelum_4_5_R <=> Vermis_9,0.0
Cerebelum_4_5_R <=> Vermis_8,0.0
Cerebelum_4_5_R <=> Vermis_7,0.0
Cerebelum_4_5_R <=> Vermis_6,0.0
Cerebelum_4_5_R <=> Vermis_4_5,0.0
Cerebelum_4_5_R <=> Vermis_3,0.0
Cerebelum_4_5_R <=> Vermis_1_2,0.0
Cerebelum_4_5_R <=> Cerebelum_10_R,0.0
Cerebelum_4_5_R <=> Cerebelum_10_L,0.0
Cerebelum_6_L <=> Cerebelum_6_R,0.0
Cerebelum_6_L <=> Vermis_7,0.0
Cerebelum_6_L <=> Vermis_8,0.0
Cerebelum_6_L <=> Vermis_9,0.0
Cerebelum_7b_L <=> Cerebelum_10_L,0.0
Cerebelum_7b_L <=> Cerebelum_9_R,0.0
Cerebelum_7b_L <=> Cerebelum_9_L,0.0
Cerebelum_7b_L <=> Cerebelum_8_R,0.0
Cerebelum_7b_L <=> Cerebelum_8_L,0.0
Cerebelum_7b_L <=> Cerebelum_7b_R,0.0
Cerebelum_6_R <=> Vermis_10,0.0
Cerebelum_6_R <=> Vermis_9,0.0
Cerebelum_6_R <=> Vermis_8,0.0
Cerebelum_6_R <=> Vermis_7,0.0
Cerebelum_6_R <=> Vermis_6,0.0
Cerebelum_6_R <=> Vermis_4_5,0.0
Cerebelum_6_R <=> Vermis_3,0.0
Cerebelum_6_R <=> Vermis_1_2,0.0
Cerebelum_6_R <=> Cerebelum_10_R,0.0
Cerebelum_6_R <=> Cerebelum_10_L,0.0
Cerebelum_6_R <=> Cerebelum_9_R,0.0
Cerebelum_6_R <=> Cerebelum_9_L,0.0
Cerebelum_6_R <=> Cerebelum_8_R,0.0
Cerebelum_6_R <=> Cerebelum_8_L,0.0
Cerebelum_6_R <=> Cerebelum_7b_R,0.0
Cerebelum_6_R <=> Cerebelum_7b_L,0.0
Cerebelum_6_L <=> Vermis_10,0.0
Cerebelum_4_5_R <=> Cerebelum_9_R,0.0
Cerebelum_3_L <=> Vermis_1_2,0.0
Cerebelum_4_5_R <=> Cerebelum_9_L,0.0
Cerebelum_4_5_R <=> Cerebelum_8_L,0.0
Cerebelum_3_R <=> Vermis_6,0.0
Cerebelum_3_R <=> Vermis_4_5,0.0
Cerebelum_3_R <=> Vermis_3,0.0
Cerebelum_3_R <=> Vermis_1_2,0.0
Cerebelum_3_R <=> Cerebelum_10_R,0.0
Cerebelum_3_R <=> Cerebelum_10_L,0.0
Cerebelum_3_R <=> Cerebelum_9_R,0.0
Cerebelum_3_R <=> Cerebelum_9_L,0.0
Cerebelum_3_R <=> Cerebelum_8_R,0.0
Cerebelum_3_R <=> Cerebelum_8_L,0.0
Cerebelum_3_R <=> Vermis_7,0.0
Cerebelum_3_R <=> Cerebelum_7b_R,0.0
Cerebelum_3_R <=> Cerebelum_6_R,0.0
Cerebelum_3_R <=> Cerebelum_6_L,0.0
Cerebelum_3_R <=> Cerebelum_4_5_R,0.0
Cerebelum_3_R <=> Cerebelum_4_5_L,0.0
Cerebelum_3_L <=> Vermis_10,0.0
Cerebelum_3_L <=> Vermis_9,0.0
Cerebelum_3_L <=> Vermis_8,0.0
Cerebelum_3_L <=> Vermis_7,0.0
Cerebelum_3_L <=> Vermis_6,0.0
Cerebelum_3_L <=> Vermis_4_5,0.0
Cerebelum_3_R <=> Cerebelum_7b_L,0.0
Cerebelum_3_R <=> Vermis_8,0.0
Cerebelum_3_R <=> Vermis_9,0.0
Cerebelum_3_R <=> Vermis_10,0.0
Cerebelum_4_5_R <=> Cerebelum_7b_R,0.0
Cerebelum_4_5_R <=> Cerebelum_7b_L,0.0
Cerebelum_4_5_R <=> Cerebelum_6_R,0.0
Cerebelum_4_5_R <=> Cerebelum_6_L,0.0
Cerebelum_4_5_L <=> Vermis_10,0.0
Cerebelum_4_5_L <=> Vermis_9,0.0
Cerebelum_4_5_L <=> Vermis_8,0.0
Cerebelum_4_5_L <=> Vermis_7,0.0
Cerebelum_4_5_L <=> Vermis_6,0.0
Cerebelum_4_5_L <=> Vermis_4_5,0.0
Cerebelum_4_5_L <=> Vermis_3,0.0
Cerebelum_4_5_L <=> Vermis_1_2,0.0
Cerebelum_4_5_L <=> Cerebelum_10_R,0.0
Cerebelum_4_5_L <=> Cerebelum_10_L,0.0
Cerebelum_4_5_L <=> Cerebelum_9_R,0.0
Cerebelum_4_5_L <=> Cerebelum_9_L,0.0
Cerebelum_4_5_L <=> Cerebelum_8_R,0.0
Cerebelum_4_5_L <=> Cerebelum_8_L,0.0
Cerebelum_4_5_L <=> Cerebelum_7b_R,0.0
Cerebelum_4_5_L <=> Cerebelum_7b_L,0.0
Cerebelum_4_5_L <=> Cerebelum_6_R,0.0
Cerebelum_4_5_L <=> Cerebelum_6_L,0.0
Cerebelum_4_5_L <=> Cerebelum_4_5_R,0.0
Cerebelum_4_5_R <=> Cerebelum_8_R,0.0
Thalamus_L <=> Vermis_4_5,0.0
Thalamus_L <=> Vermis_3,0.0
Thalamus_L <=> Vermis_1_2,0.0
Angular_L <=> Temporal_Mid_R,0.0
Angular_L <=> Temporal_Mid_L,0.0
Angular_L <=> Temporal_Pole_Sup_R,0.0
Angular_L <=> Temporal_Pole_Sup_L,0.0
Angular_L <=> Temporal_Sup_R,0.0
Angular_L <=> Temporal_Sup_L,0.0
Angular_L <=> Heschl_R,0.0
Angular_L <=> Heschl_L,0.0
Angular_L <=> Thalamus_R,0.0
Angular_L <=> Thalamus_L,0.0
Angular_L <=> Temporal_Pole_Mid_L,0.0
Angular_L <=> Pallidum_R,0.0
Angular_L <=> Putamen_R,0.0
Angular_L <=> Putamen_L,0.0
Angular_L <=> Caudate_R,0.0
Angular_L <=> Caudate_L,0.0
Angular_L <=> Paracentral_Lobule_R,0.0
Angular_L <=> Paracentral_Lobule_L,0.0
Angular_L <=> Precuneus_R,0.0
Angular_L <=> Precuneus_L,0.0
Angular_L <=> Angular_R,0.0
SupraMarginal_R <=> Vermis_10,0.0
Angular_L <=> Pallidum_L,0.0
SupraMarginal_R <=> Vermis_9,0.0
Angular_L <=> Temporal_Pole_Mid_R,0.0
Angular_L <=> Temporal_Inf_R,0.0
Angular_L <=> Vermis_6,0.0
Angular_L <=> Vermis_4_5,0.0
Angular_L <=> Vermis_3,0.0
Angular_L <=> Vermis_1_2,0.0
Angular_L <=> Cerebelum_10_R,0.0
Angular_L <=> Cerebelum_10_L,0.0
Angular_L <=> Cerebelum_9_R,0.0
Angular_L <=> Cerebelum_9_L,0.0
Angular_L <=> Cerebelum_8_R,0.0
Angular_L <=> Cerebelum_8_L,0.0
Angular_L <=> Temporal_Inf_L,0.0
Angular_L <=> Cerebelum_7b_R,0.0
Angular_L <=> Cerebelum_6_R,0.0
Angular_L <=> Cerebelum_6_L,0.0
Angular_L <=> Cerebelum_4_5_R,0.0
Angular_L <=> Cerebelum_4_5_L,0.0
Angular_L <=> Cerebelum_3_R,0.0
Angular_L <=> Cerebelum_3_L,0.0
Angular_L <=> Cerebelum_Crus2_R,0.0
Angular_L <=> Cerebelum_Crus2_L,0.0
Angular_L <=> Cerebelum_Crus1_R,0.0
Angular_L <=> Cerebelum_Crus1_L,0.0
Angular_L <=> Cerebelum_7b_L,0.0
SupraMarginal_R <=> Vermis_8,0.0
SupraMarginal_R <=> Vermis_7,0.0
SupraMarginal_R <=> Vermis_6,0.0
SupraMarginal_R <=> Temporal_Pole_Sup_R,0.0
SupraMarginal_R <=> Temporal_Pole_Sup_L,0.0
SupraMarginal_R <=> Temporal_Sup_R,0.0
SupraMarginal_R <=> Temporal_Sup_L,0.0
SupraMarginal_R <=> Heschl_R,0.0
SupraMarginal_R <=> Heschl_L,0.0
SupraMarginal_R <=> Thalamus_R,0.0
SupraMarginal_R <=> Thalamus_L,0.0
SupraMarginal_R <=> Pallidum_R,0.0
SupraMarginal_R <=> Pallidum_L,0.0
SupraMarginal_R <=> Temporal_Mid_L,0.0
SupraMarginal_R <=> Putamen_R,0.0
SupraMarginal_R <=> Caudate_R,0.0
SupraMarginal_R <=> Caudate_L,0.0
SupraMarginal_R <=> Paracentral_Lobule_R,0.0
SupraMarginal_R <=> Paracentral_Lobule_L,0.0
SupraMarginal_R <=> Precuneus_R,0.0
SupraMarginal_R <=> Precuneus_L,0.0
SupraMarginal_R <=> Angular_R,0.0
SupraMarginal_R <=> Angular_L,0.0
SupraMarginal_L <=> Vermis_10,0.0
SupraMarginal_L <=> Vermis_9,0.0
SupraMarginal_R <=> Putamen_L,0.0
SupraMarginal_R <=> Temporal_Mid_R,0.0
SupraMarginal_R <=> Temporal_Pole_Mid_L,0.0
SupraMarginal_R <=> Temporal_Pole_Mid_R,0.0
SupraMarginal_R <=> Vermis_4_5,0.0
SupraMarginal_R <=> Vermis_3,0.0
SupraMarginal_R <=> Vermis_1_2,0.0
SupraMarginal_R <=> Cerebelum_10_R,0.0
SupraMarginal_R <=> Cerebelum_10_L,0.0
SupraMarginal_R <=> Cerebelum_9_R,0.0
SupraMarginal_R <=> Cerebelum_9_L,0.0
SupraMarginal_R <=> Cerebelum_8_R,0.0
SupraMarginal_R <=> Cerebelum_8_L,0.0
SupraMarginal_R <=> Cerebelum_7b_R,0.0
SupraMarginal_R <=> Cerebelum_7b_L,0.0
SupraMarginal_R <=> Cerebelum_6_R,0.0
SupraMarginal_R <=> Cerebelum_6_L,0.0
SupraMarginal_R <=> Cerebelum_4_5_R,0.0
SupraMarginal_R <=> Cerebelum_4_5_L,0.0
SupraMarginal_R <=> Cerebelum_3_R,0.0
SupraMarginal_R <=> Cerebelum_3_L,0.0
SupraMarginal_R <=> Cerebelum_Crus2_R,0.0
SupraMarginal_R <=> Cerebelum_Crus2_L,0.0
SupraMarginal_R <=> Cerebelum_Crus1_R,0.0
SupraMarginal_R <=> Cerebelum_Crus1_L,0.0
SupraMarginal_R <=> Temporal_Inf_R,0.0
SupraMarginal_R <=> Temporal_Inf_L,0.0
Angular_L <=> Vermis_7,0.0
Angular_L <=> Vermis_8,0.0
Angular_L <=> Vermis_9,0.0
Angular_L <=> Vermis_10,0.0
Precuneus_L <=> Cerebelum_Crus2_L,0.0
Precuneus_L <=> Cerebelum_Crus1_R,0.0
Precuneus_L <=> Cerebelum_Crus1_L,0.0
Precuneus_L <=> Temporal_Inf_R,0.0
Precuneus_L <=> Temporal_Inf_L,0.0
Precuneus_L <=> Temporal_Pole_Mid_R,0.0
Precuneus_L <=> Temporal_Pole_Mid_L,0.0
Precuneus_L <=> Temporal_Mid_R,0.0
Precuneus_L <=> Temporal_Mid_L,0.0
Precuneus_L <=> Temporal_Pole_Sup_R,0.0
Precuneus_L <=> Cerebelum_Crus2_R,0.0
Precuneus_L <=> Temporal_Pole_Sup_L,0.0
Precuneus_L <=> Temporal_Sup_L,0.0
Precuneus_L <=> Heschl_R,0.0
Precuneus_L <=> Heschl_L,0.0
Precuneus_L <=> Thalamus_R,0.0
Precuneus_L <=> Thalamus_L,0.0
Precuneus_L <=> Pallidum_R,0.0
Precuneus_L <=> Pallidum_L,0.0
Precuneus_L <=> Putamen_R,0.0
Precuneus_L <=> Putamen_L,0.0
Precuneus_L <=> Caudate_R,0.0
Precuneus_L <=> Temporal_Sup_R,0.0
Precuneus_L <=> Cerebelum_3_L,0.0
Precuneus_L <=> Cerebelum_3_R,0.0
Precuneus_L <=> Cerebelum_4_5_L,0.0
Precuneus_R <=> Caudate_R,0.0
Precuneus_R <=> Caudate_L,0.0
Precuneus_R <=> Paracentral_Lobule_R,0.0
Precuneus_R <=> Paracentral_Lobule_L,0.0
Precuneus_L <=> Vermis_10,0.0
Precuneus_L <=> Vermis_9,0.0
Precuneus_L <=> Vermis_8,0.0
Precuneus_L <=> Vermis_7,0.0
Precuneus_L <=> Vermis_6,0.0
Precuneus_L <=> Vermis_4_5,0.0
Precuneus_L <=> Vermis_3,0.0
Precuneus_L <=> Vermis_1_2,0.0
Precuneus_L <=> Cerebelum_10_R,0.0
Precuneus_L <=> Cerebelum_10_L,0.0
Precuneus_L <=> Cerebelum_9_R,0.0
Precuneus_L <=> Cerebelum_9_L,0.0
Precuneus_L <=> Cerebelum_8_R,0.0
Precuneus_L <=> Cerebelum_8_L,0.0
Precuneus_L <=> Cerebelum_7b_R,0.0
Precuneus_L <=> Cerebelum_7b_L,0.0
Precuneus_L <=> Cerebelum_6_R,0.0
Precuneus_L <=> Cerebelum_6_L,0.0
Precuneus_L <=> Cerebelum_4_5_R,0.0
Precuneus_L <=> Caudate_L,0.0
SupraMarginal_L <=> Vermis_8,0.0
Precuneus_L <=> Paracentral_Lobule_R,0.0
Precuneus_L <=> Precuneus_R,0.0
Angular_R <=> Temporal_Inf_L,0.0
Angular_R <=> Temporal_Pole_Mid_R,0.0
Angular_R <=> Temporal_Pole_Mid_L,0.0
Angular_R <=> Temporal_Mid_L,0.0
Angular_R <=> Temporal_Pole_Sup_R,0.0
Angular_R <=> Temporal_Pole_Sup_L,0.0
Angular_R <=> Temporal_Sup_R,0.0
Angular_R <=> Temporal_Sup_L,0.0
Angular_R <=> Heschl_R,0.0
Angular_R <=> Heschl_L,0.0
Angular_R <=> Temporal_Inf_R,0.0
Angular_R <=> Thalamus_R,0.0
Angular_R <=> Pallidum_R,0.0
Angular_R <=> Pallidum_L,0.0
Angular_R <=> Putamen_R,0.0
Angular_R <=> Putamen_L,0.0
Angular_R <=> Caudate_R,0.0
Angular_R <=> Caudate_L,0.0
Angular_R <=> Paracentral_Lobule_R,0.0
Angular_R <=> Paracentral_Lobule_L,0.0
Angular_R <=> Precuneus_R,0.0
Angular_R <=> Precuneus_L,0.0
Angular_R <=> Thalamus_L,0.0
Angular_R <=> Cerebelum_Crus1_L,0.0
Angular_R <=> Cerebelum_Crus1_R,0.0
Angular_R <=> Cerebelum_Crus2_L,0.0
Angular_R <=> Vermis_10,0.0
Angular_R <=> Vermis_9,0.0
Angular_R <=> Vermis_8,0.0
Angular_R <=> Vermis_7,0.0
Angular_R <=> Vermis_6,0.0
Angular_R <=> Vermis_4_5,0.0
Angular_R <=> Vermis_3,0.0
Angular_R <=> Vermis_1_2,0.0
Angular_R <=> Cerebelum_10_R,0.0
Angular_R <=> Cerebelum_10_L,0.0
Angular_R <=> Cerebelum_9_R,0.0
Angular_R <=> Cerebelum_9_L,0.0
Angular_R <=> Cerebelum_8_R,0.0
Angular_R <=> Cerebelum_8_L,0.0
Angular_R <=> Cerebelum_7b_R,0.0
Angular_R <=> Cerebelum_7b_L,0.0
Angular_R <=> Cerebelum_6_R,0.0
Angular_R <=> Cerebelum_6_L,0.0
Angular_R <=> Cerebelum_4_5_R,0.0
Angular_R <=> Cerebelum_4_5_L,0.0
Angular_R <=> Cerebelum_3_R,0.0
Angular_R <=> Cerebelum_3_L,0.0
Angular_R <=> Cerebelum_Crus2_R,0.0
Precuneus_L <=> Paracentral_Lobule_L,0.0
SupraMarginal_L <=> Vermis_7,0.0
SupraMarginal_L <=> Vermis_6,0.0
SupraMarginal_L <=> Vermis_4_5,0.0
Parietal_Inf_L <=> Temporal_Pole_Sup_R,0.0
Parietal_Inf_L <=> Temporal_Pole_Sup_L,0.0
Parietal_Inf_L <=> Temporal_Sup_R,0.0
Parietal_Inf_L <=> Temporal_Sup_L,0.0
Parietal_Inf_L <=> Heschl_R,0.0
Parietal_Inf_L <=> Heschl_L,0.0
Parietal_Inf_L <=> Thalamus_R,0.0
Parietal_Inf_L <=> Thalamus_L,0.0
Parietal_Inf_L <=> Pallidum_R,0.0
Parietal_Inf_L <=> Pallidum_L,0.0
Parietal_Inf_L <=> Temporal_Mid_L,0.0
Parietal_Inf_L <=> Putamen_R,0.0
Parietal_Inf_L <=> Caudate_R,0.0
Parietal_Inf_L <=> Caudate_L,0.0
Parietal_Inf_L <=> Paracentral_Lobule_R,0.0
Parietal_Inf_L <=> Paracentral_Lobule_L,0.0
Parietal_Inf_L <=> Precuneus_R,0.0
Parietal_Inf_L <=> Precuneus_L,0.0
Parietal_Inf_L <=> Angular_R,0.0
Parietal_Inf_L <=> Angular_L,0.0
Parietal_Inf_L <=> SupraMarginal_R,0.0
Parietal_Inf_L <=> SupraMarginal_L,0.0
Parietal_Inf_L <=> Putamen_L,0.0
Parietal_Inf_L <=> Temporal_Mid_R,0.0
Parietal_Inf_L <=> Temporal_Pole_Mid_L,0.0
Parietal_Inf_L <=> Temporal_Pole_Mid_R,0.0
Parietal_Inf_L <=> Vermis_4_5,0.0
Parietal_Inf_L <=> Vermis_3,0.0
Parietal_Inf_L <=> Vermis_1_2,0.0
Parietal_Inf_L <=> Cerebelum_10_R,0.0
Parietal_Inf_L <=> Cerebelum_10_L,0.0
Parietal_Inf_L <=> Cerebelum_9_R,0.0
Parietal_Inf_L <=> Cerebelum_9_L,0.0
Parietal_Inf_L <=> Cerebelum_8_R,0.0
Parietal_Inf_L <=> Cerebelum_8_L,0.0
Parietal_Inf_L <=> Cerebelum_7b_R,0.0
Parietal_Inf_L <=> Cerebelum_7b_L,0.0
Parietal_Inf_L <=> Cerebelum_6_R,0.0
Parietal_Inf_L <=> Cerebelum_6_L,0.0
Parietal_Inf_L <=> Cerebelum_4_5_R,0.0
Parietal_Inf_L <=> Cerebelum_4_5_L,0.0
Parietal_Inf_L <=> Cerebelum_3_R,0.0
Parietal_Inf_L <=> Cerebelum_3_L,0.0
Parietal_Inf_L <=> Cerebelum_Crus2_R,0.0
Parietal_Inf_L <=> Cerebelum_Crus2_L,0.0
Parietal_Inf_L <=> Cerebelum_Crus1_R,0.0
Parietal_Inf_L <=> Cerebelum_Crus1_L,0.0
Parietal_Inf_L <=> Temporal_Inf_R,0.0
Parietal_Inf_L <=> Temporal_Inf_L,0.0
Parietal_Inf_L <=> Parietal_Inf_R,0.0
Parietal_Inf_L <=> Vermis_6,0.0
Parietal_Sup_R <=> Vermis_10,0.0
Parietal_Sup_R <=> Vermis_8,0.0
Parietal_Sup_R <=> Temporal_Mid_R,0.0
Parietal_Sup_R <=> Temporal_Mid_L,0.0
Parietal_Sup_R <=> Temporal_Pole_Sup_R,0.0
Parietal_Sup_R <=> Temporal_Pole_Sup_L,0.0
Parietal_Sup_R <=> Temporal_Sup_R,0.0
Parietal_Sup_R <=> Temporal_Sup_L,0.0
Parietal_Sup_R <=> Heschl_R,0.0
Parietal_Sup_R <=> Heschl_L,0.0
Parietal_Sup_R <=> Thalamus_R,0.0
Parietal_Sup_R <=> Thalamus_L,0.0
Parietal_Sup_R <=> Temporal_Pole_Mid_L,0.0
Parietal_Sup_R <=> Pallidum_R,0.0
Parietal_Sup_R <=> Putamen_R,0.0
Parietal_Sup_R <=> Putamen_L,0.0
Parietal_Sup_R <=> Caudate_R,0.0
Parietal_Sup_R <=> Caudate_L,0.0
Parietal_Sup_R <=> Paracentral_Lobule_R,0.0
Parietal_Sup_R <=> Paracentral_Lobule_L,0.0
Parietal_Sup_R <=> Precuneus_R,0.0
Parietal_Sup_R <=> Precuneus_L,0.0
Parietal_Sup_R <=> Angular_R,0.0
Parietal_Sup_R <=> Angular_L,0.0
Parietal_Sup_R <=> Pallidum_L,0.0
Parietal_Sup_R <=> Temporal_Pole_Mid_R,0.0
Parietal_Sup_R <=> Temporal_Inf_L,0.0
Parietal_Sup_R <=> Temporal_Inf_R,0.0
Parietal_Sup_R <=> Vermis_7,0.0
Parietal_Sup_R <=> Vermis_6,0.0
Parietal_Sup_R <=> Vermis_4_5,0.0
Parietal_Sup_R <=> Vermis_3,0.0
Parietal_Sup_R <=> Vermis_1_2,0.0
Parietal_Sup_R <=> Cerebelum_10_R,0.0
Parietal_Sup_R <=> Cerebelum_10_L,0.0
Parietal_Sup_R <=> Cerebelum_9_R,0.0
Parietal_Sup_R <=> Cerebelum_9_L,0.0
Parietal_Sup_R <=> Cerebelum_8_R,0.0
Parietal_Sup_R <=> Cerebelum_8_L,0.0
Parietal_Sup_R <=> Cerebelum_7b_R,0.0
Parietal_Sup_R <=> Cerebelum_7b_L,0.0
Parietal_Sup_R <=> Cerebelum_6_R,0.0
Parietal_Sup_R <=> Cerebelum_6_L,0.0
Parietal_Sup_R <=> Cerebelum_4_5_R,0.0
Parietal_Sup_R <=> Cerebelum_4_5_L,0.0
Parietal_Sup_R <=> Cerebelum_3_R,0.0
Parietal_Sup_R <=> Cerebelum_3_L,0.0
Parietal_Sup_R <=> Cerebelum_Crus2_R,0.0
Parietal_Sup_R <=> Cerebelum_Crus2_L,0.0
Parietal_Sup_R <=> Cerebelum_Crus1_R,0.0
Parietal_Sup_R <=> Cerebelum_Crus1_L,0.0
Parietal_Sup_R <=> Vermis_9,0.0
Precuneus_R <=> Putamen_L,0.0
Parietal_Inf_L <=> Vermis_7,0.0
Parietal_Inf_L <=> Vermis_9,0.0
SupraMarginal_L <=> Temporal_Pole_Sup_L,0.0
SupraMarginal_L <=> Temporal_Sup_R,0.0
SupraMarginal_L <=> Temporal_Sup_L,0.0
SupraMarginal_L <=> Heschl_R,0.0
SupraMarginal_L <=> Heschl_L,0.0
SupraMarginal_L <=> Thalamus_R,0.0
SupraMarginal_L <=> Thalamus_L,0.0
SupraMarginal_L <=> Pallidum_R,0.0
SupraMarginal_L <=> Pallidum_L,0.0
SupraMarginal_L <=> Putamen_R,0.0
SupraMarginal_L <=> Temporal_Pole_Sup_R,0.0
SupraMarginal_L <=> Putamen_L,0.0
SupraMarginal_L <=> Caudate_L,0.0
SupraMarginal_L <=> Paracentral_Lobule_R,0.0
SupraMarginal_L <=> Paracentral_Lobule_L,0.0
SupraMarginal_L <=> Precuneus_R,0.0
SupraMarginal_L <=> Precuneus_L,0.0
SupraMarginal_L <=> Angular_R,0.0
SupraMarginal_L <=> Angular_L,0.0
SupraMarginal_L <=> SupraMarginal_R,0.0
Parietal_Inf_R <=> Vermis_10,0.0
Parietal_Inf_R <=> Vermis_9,0.0
SupraMarginal_L <=> Caudate_R,0.0
SupraMarginal_L <=> Temporal_Mid_L,0.0
SupraMarginal_L <=> Temporal_Mid_R,0.0
SupraMarginal_L <=> Temporal_Pole_Mid_L,0.0
SupraMarginal_L <=> Vermis_3,0.0
SupraMarginal_L <=> Vermis_1_2,0.0
SupraMarginal_L <=> Cerebelum_10_R,0.0
SupraMarginal_L <=> Cerebelum_10_L,0.0
SupraMarginal_L <=> Cerebelum_9_R,0.0
SupraMarginal_L <=> Cerebelum_9_L,0.0
SupraMarginal_L <=> Cerebelum_8_R,0.0
SupraMarginal_L <=> Cerebelum_8_L,0.0
SupraMarginal_L <=> Cerebelum_7b_R,0.0
SupraMarginal_L <=> Cerebelum_7b_L,0.0
SupraMarginal_L <=> Cerebelum_6_R,0.0
SupraMarginal_L <=> Cerebelum_6_L,0.0
SupraMarginal_L <=> Cerebelum_4_5_R,0.0
SupraMarginal_L <=> Cerebelum_4_5_L,0.0
SupraMarginal_L <=> Cerebelum_3_R,0.0
SupraMarginal_L <=> Cerebelum_3_L,0.0
SupraMarginal_L <=> Cerebelum_Crus2_R,0.0
SupraMarginal_L <=> Cerebelum_Crus2_L,0.0
SupraMarginal_L <=> Cerebelum_Crus1_R,0.0
SupraMarginal_L <=> Cerebelum_Crus1_L,0.0
SupraMarginal_L <=> Temporal_Inf_R,0.0
SupraMarginal_L <=> Temporal_Inf_L,0.0
SupraMarginal_L <=> Temporal_Pole_Mid_R,0.0
Parietal_Inf_R <=> Vermis_8,0.0
Parietal_Inf_L <=> Vermis_8,0.0
Parietal_Inf_R <=> Vermis_7,0.0
Parietal_Inf_R <=> Vermis_4_5,0.0
Parietal_Inf_R <=> Temporal_Pole_Sup_L,0.0
Parietal_Inf_R <=> Temporal_Sup_R,0.0
Parietal_Inf_R <=> Temporal_Sup_L,0.0
Parietal_Inf_R <=> Heschl_R,0.0
Parietal_Inf_R <=> Heschl_L,0.0
Parietal_Inf_R <=> Thalamus_R,0.0
Parietal_Inf_R <=> Thalamus_L,0.0
Parietal_Inf_R <=> Pallidum_R,0.0
Parietal_Inf_R <=> Pallidum_L,0.0
Parietal_Inf_R <=> Putamen_R,0.0
Parietal_Inf_R <=> Temporal_Pole_Sup_R,0.0
Parietal_Inf_R <=> Putamen_L,0.0
Parietal_Inf_R <=> Caudate_L,0.0
Parietal_Inf_R <=> Paracentral_Lobule_R,0.0
Parietal_Inf_R <=> Paracentral_Lobule_L,0.0
Parietal_Inf_R <=> Precuneus_R,0.0
Parietal_Inf_R <=> Precuneus_L,0.0
Parietal_Inf_R <=> Angular_R,0.0
Parietal_Inf_R <=> Angular_L,0.0
Parietal_Inf_R <=> SupraMarginal_R,0.0
Parietal_Inf_R <=> SupraMarginal_L,0.0
Parietal_Inf_L <=> Vermis_10,0.0
Parietal_Inf_R <=> Caudate_R,0.0
Parietal_Inf_R <=> Temporal_Mid_L,0.0
Parietal_Inf_R <=> Temporal_Mid_R,0.0
Parietal_Inf_R <=> Temporal_Pole_Mid_L,0.0
Parietal_Inf_R <=> Vermis_3,0.0
Parietal_Inf_R <=> Vermis_1_2,0.0
Parietal_Inf_R <=> Cerebelum_10_R,0.0
Parietal_Inf_R <=> Cerebelum_10_L,0.0
Parietal_Inf_R <=> Cerebelum_9_R,0.0
Parietal_Inf_R <=> Cerebelum_9_L,0.0
Parietal_Inf_R <=> Cerebelum_8_R,0.0
Parietal_Inf_R <=> Cerebelum_8_L,0.0
Parietal_Inf_R <=> Cerebelum_7b_R,0.0
Parietal_Inf_R <=> Cerebelum_7b_L,0.0
Parietal_Inf_R <=> Cerebelum_6_R,0.0
Parietal_Inf_R <=> Cerebelum_6_L,0.0
Parietal_Inf_R <=> Cerebelum_4_5_R,0.0
Parietal_Inf_R <=> Cerebelum_4_5_L,0.0
Parietal_Inf_R <=> Cerebelum_3_R,0.0
Parietal_Inf_R <=> Cerebelum_3_L,0.0
Parietal_Inf_R <=> Cerebelum_Crus2_R,0.0
Parietal_Inf_R <=> Cerebelum_Crus2_L,0.0
Parietal_Inf_R <=> Cerebelum_Crus1_R,0.0
Parietal_Inf_R <=> Cerebelum_Crus1_L,0.0
Parietal_Inf_R <=> Temporal_Inf_R,0.0
Parietal_Inf_R <=> Temporal_Inf_L,0.0
Parietal_Inf_R <=> Temporal_Pole_Mid_R,0.0
Parietal_Inf_R <=> Vermis_6,0.0
Parietal_Sup_R <=> SupraMarginal_L,0.0
Precuneus_R <=> Putamen_R,0.0
Precuneus_R <=> Pallidum_R,0.0
Putamen_R <=> Cerebelum_3_R,0.0
Putamen_R <=> Cerebelum_3_L,0.0
Putamen_R <=> Cerebelum_Crus2_R,0.0
Putamen_R <=> Cerebelum_Crus2_L,0.0
Putamen_R <=> Cerebelum_Crus1_R,0.0
Putamen_R <=> Cerebelum_Crus1_L,0.0
Putamen_R <=> Temporal_Inf_R,0.0
Putamen_R <=> Temporal_Inf_L,0.0
Putamen_R <=> Temporal_Pole_Mid_R,0.0
Putamen_R <=> Temporal_Pole_Mid_L,0.0
Putamen_R <=> Cerebelum_4_5_L,0.0
Putamen_R <=> Temporal_Mid_R,0.0
Putamen_R <=> Temporal_Pole_Sup_R,0.0
Putamen_R <=> Temporal_Pole_Sup_L,0.0
Putamen_R <=> Temporal_Sup_R,0.0
Putamen_R <=> Temporal_Sup_L,0.0
Putamen_R <=> Heschl_R,0.0
Putamen_R <=> Heschl_L,0.0
Putamen_R <=> Thalamus_R,0.0
Putamen_R <=> Thalamus_L,0.0
Putamen_R <=> Pallidum_R,0.0
Putamen_R <=> Pallidum_L,0.0
Putamen_R <=> Temporal_Mid_L,0.0
Putamen_L <=> Vermis_10,0.0
Putamen_R <=> Cerebelum_4_5_R,0.0
Putamen_R <=> Cerebelum_6_R,0.0
Pallidum_L <=> Temporal_Sup_L,0.0
Pallidum_L <=> Heschl_R,0.0
Pallidum_L <=> Heschl_L,0.0
Pallidum_L <=> Thalamus_R,0.0
Pallidum_L <=> Thalamus_L,0.0
Pallidum_L <=> Pallidum_R,0.0
Putamen_R <=> Vermis_10,0.0
Putamen_R <=> Vermis_9,0.0
Putamen_R <=> Vermis_8,0.0
Putamen_R <=> Vermis_7,0.0
Putamen_R <=> Cerebelum_6_L,0.0
Putamen_R <=> Vermis_6,0.0
Putamen_R <=> Vermis_3,0.0
Putamen_R <=> Vermis_1_2,0.0
Putamen_R <=> Cerebelum_10_R,0.0
Putamen_R <=> Cerebelum_10_L,0.0
Putamen_R <=> Cerebelum_9_R,0.0
Putamen_R <=> Cerebelum_9_L,0.0
Putamen_R <=> Cerebelum_8_R,0.0
Putamen_R <=> Cerebelum_8_L,0.0
Putamen_R <=> Cerebelum_7b_R,0.0
Putamen_R <=> Cerebelum_7b_L,0.0
Putamen_R <=> Vermis_4_5,0.0
Putamen_L <=> Vermis_9,0.0
Putamen_L <=> Vermis_8,0.0
Putamen_L <=> Vermis_7,0.0
Putamen_L <=> Temporal_Mid_L,0.0
Putamen_L <=> Temporal_Pole_Sup_R,0.0
Putamen_L <=> Temporal_Pole_Sup_L,0.0
Putamen_L <=> Temporal_Sup_R,0.0
Putamen_L <=> Temporal_Sup_L,0.0
Putamen_L <=> Heschl_R,0.0
Putamen_L <=> Heschl_L,0.0
Putamen_L <=> Thalamus_R,0.0
Putamen_L <=> Thalamus_L,0.0
Putamen_L <=> Pallidum_R,0.0
Putamen_L <=> Temporal_Mid_R,0.0
Putamen_L <=> Pallidum_L,0.0
Caudate_R <=> Vermis_10,0.0
Caudate_R <=> Vermis_9,0.0
Caudate_R <=> Vermis_8,0.0
Caudate_R <=> Vermis_7,0.0
Caudate_R <=> Vermis_6,0.0
Caudate_R <=> Vermis_4_5,0.0
Caudate_R <=> Vermis_3,0.0
Caudate_R <=> Vermis_1_2,0.0
Caudate_R <=> Cerebelum_10_R,0.0
Caudate_R <=> Cerebelum_10_L,0.0
Putamen_L <=> Putamen_R,0.0
Putamen_L <=> Temporal_Pole_Mid_L,0.0
Putamen_L <=> Temporal_Pole_Mid_R,0.0
Putamen_L <=> Temporal_Inf_L,0.0
Putamen_L <=> Vermis_6,0.0
Putamen_L <=> Vermis_4_5,0.0
Putamen_L <=> Vermis_3,0.0
Putamen_L <=> Vermis_1_2,0.0
Putamen_L <=> Cerebelum_10_R,0.0
Putamen_L <=> Cerebelum_10_L,0.0
Putamen_L <=> Cerebelum_9_R,0.0
Putamen_L <=> Cerebelum_9_L,0.0
Putamen_L <=> Cerebelum_8_R,0.0
Putamen_L <=> Cerebelum_8_L,0.0
Putamen_L <=> Cerebelum_7b_R,0.0
Putamen_L <=> Cerebelum_7b_L,0.0
Putamen_L <=> Cerebelum_6_R,0.0
Putamen_L <=> Cerebelum_6_L,0.0
Putamen_L <=> Cerebelum_4_5_R,0.0
Putamen_L <=> Cerebelum_4_5_L,0.0
Putamen_L <=> Cerebelum_3_R,0.0
Putamen_L <=> Cerebelum_3_L,0.0
Putamen_L <=> Cerebelum_Crus2_R,0.0
Putamen_L <=> Cerebelum_Crus2_L,0.0
Putamen_L <=> Cerebelum_Crus1_R,0.0
Putamen_L <=> Cerebelum_Crus1_L,0.0
Putamen_L <=> Temporal_Inf_R,0.0
Pallidum_L <=> Temporal_Sup_R,0.0
Pallidum_L <=> Temporal_Pole_Sup_L,0.0
Pallidum_L <=> Temporal_Pole_Sup_R,0.0
Pallidum_L <=> Temporal_Mid_L,0.0
Thalamus_L <=> Temporal_Sup_L,0.0
Thalamus_L <=> Heschl_R,0.0
Thalamus_L <=> Heschl_L,0.0
Thalamus_L <=> Thalamus_R,0.0
Pallidum_R <=> Vermis_10,0.0
Pallidum_R <=> Vermis_9,0.0
Pallidum_R <=> Vermis_8,0.0
Pallidum_R <=> Vermis_7,0.0
Pallidum_R <=> Vermis_6,0.0
Pallidum_R <=> Vermis_4_5,0.0
Thalamus_L <=> Temporal_Sup_R,0.0
Pallidum_R <=> Vermis_3,0.0
Pallidum_R <=> Cerebelum_10_R,0.0
Pallidum_R <=> Cerebelum_10_L,0.0
Pallidum_R <=> Cerebelum_9_R,0.0
Pallidum_R <=> Cerebelum_9_L,0.0
Pallidum_R <=> Cerebelum_8_R,0.0
Pallidum_R <=> Cerebelum_8_L,0.0
Pallidum_R <=> Cerebelum_7b_R,0.0
Pallidum_R <=> Cerebelum_7b_L,0.0
Pallidum_R <=> Cerebelum_6_R,0.0
Pallidum_R <=> Cerebelum_6_L,0.0
Pallidum_R <=> Vermis_1_2,0.0
Thalamus_L <=> Temporal_Pole_Sup_L,0.0
Thalamus_L <=> Temporal_Pole_Sup_R,0.0
Thalamus_L <=> Temporal_Mid_L,0.0
Thalamus_L <=> Cerebelum_10_R,0.0
Thalamus_L <=> Cerebelum_10_L,0.0
Thalamus_L <=> Cerebelum_9_R,0.0
Thalamus_L <=> Cerebelum_9_L,0.0
Thalamus_L <=> Cerebelum_8_R,0.0
Thalamus_L <=> Cerebelum_8_L,0.0
Thalamus_L <=> Cerebelum_7b_R,0.0
Thalamus_L <=> Cerebelum_7b_L,0.0
Thalamus_L <=> Cerebelum_6_R,0.0
Thalamus_L <=> Cerebelum_6_L,0.0
Thalamus_L <=> Cerebelum_4_5_R,0.0
Thalamus_L <=> Cerebelum_4_5_L,0.0
Thalamus_L <=> Cerebelum_3_R,0.0
Thalamus_L <=> Cerebelum_3_L,0.0
Thalamus_L <=> Cerebelum_Crus2_R,0.0
Thalamus_L <=> Cerebelum_Crus2_L,0.0
Thalamus_L <=> Cerebelum_Crus1_R,0.0
Thalamus_L <=> Cerebelum_Crus1_L,0.0
Thalamus_L <=> Temporal_Inf_R,0.0
Thalamus_L <=> Temporal_Inf_L,0.0
Thalamus_L <=> Temporal_Pole_Mid_R,0.0
Thalamus_L <=> Temporal_Pole_Mid_L,0.0
Thalamus_L <=> Temporal_Mid_R,0.0
Pallidum_R <=> Cerebelum_4_5_R,0.0
Caudate_R <=> Cerebelum_9_R,0.0
Pallidum_R <=> Cerebelum_4_5_L,0.0
Pallidum_R <=> Cerebelum_3_L,0.0
Pallidum_L <=> Cerebelum_10_L,0.0
Pallidum_L <=> Cerebelum_9_R,0.0
Pallidum_L <=> Cerebelum_9_L,0.0
Pallidum_L <=> Cerebelum_8_R,0.0
Pallidum_L <=> Cerebelum_8_L,0.0
Pallidum_L <=> Cerebelum_7b_R,0.0
Pallidum_L <=> Cerebelum_7b_L,0.0
Pallidum_L <=> Cerebelum_6_R,0.0
Pallidum_L <=> Cerebelum_6_L,0.0
Pallidum_L <=> Cerebelum_4_5_R,0.0
Pallidum_L <=> Cerebelum_10_R,0.0
Pallidum_L <=> Cerebelum_4_5_L,0.0
Pallidum_L <=> Cerebelum_3_L,0.0
Pallidum_L <=> Cerebelum_Crus2_R,0.0
Pallidum_L <=> Cerebelum_Crus2_L,0.0
Pallidum_L <=> Cerebelum_Crus1_R,0.0
Pallidum_L <=> Cerebelum_Crus1_L,0.0
Pallidum_L <=> Temporal_Inf_R,0.0
Pallidum_L <=> Temporal_Inf_L,0.0
Pallidum_L <=> Temporal_Pole_Mid_R,0.0
Pallidum_L <=> Temporal_Pole_Mid_L,0.0
Pallidum_L <=> Temporal_Mid_R,0.0
Pallidum_L <=> Cerebelum_3_R,0.0
Pallidum_L <=> Vermis_1_2,0.0
Pallidum_L <=> Vermis_3,0.0
Pallidum_L <=> Vermis_4_5,0.0
Pallidum_R <=> Cerebelum_Crus2_R,0.0
Pallidum_R <=> Cerebelum_Crus2_L,0.0
Pallidum_R <=> Cerebelum_Crus1_R,0.0
Pallidum_R <=> Cerebelum_Crus1_L,0.0
Pallidum_R <=> Temporal_Inf_R,0.0
Pallidum_R <=> Temporal_Inf_L,0.0
Pallidum_R <=> Temporal_Pole_Mid_R,0.0
Pallidum_R <=> Temporal_Pole_Mid_L,0.0
Pallidum_R <=> Temporal_Mid_R,0.0
Pallidum_R <=> Temporal_Mid_L,0.0
Pallidum_R <=> Temporal_Pole_Sup_R,0.0
Pallidum_R <=> Temporal_Pole_Sup_L,0.0
Pallidum_R <=> Temporal_Sup_R,0.0
Pallidum_R <=> Temporal_Sup_L,0.0
Pallidum_R <=> Heschl_R,0.0
Pallidum_R <=> Heschl_L,0.0
Pallidum_R <=> Thalamus_R,0.0
Pallidum_R <=> Thalamus_L,0.0
Pallidum_L <=> Vermis_10,0.0
Pallidum_L <=> Vermis_9,0.0
Pallidum_L <=> Vermis_8,0.0
Pallidum_L <=> Vermis_7,0.0
Pallidum_L <=> Vermis_6,0.0
Pallidum_R <=> Cerebelum_3_R,0.0
Caudate_R <=> Cerebelum_9_L,0.0
Caudate_R <=> Cerebelum_8_R,0.0
Caudate_R <=> Cerebelum_8_L,0.0
Paracentral_Lobule_L <=> Cerebelum_8_R,0.0
Paracentral_Lobule_L <=> Cerebelum_8_L,0.0
Paracentral_Lobule_L <=> Cerebelum_7b_R,0.0
Paracentral_Lobule_L <=> Cerebelum_7b_L,0.0
Paracentral_Lobule_L <=> Cerebelum_6_R,0.0
Paracentral_Lobule_L <=> Cerebelum_6_L,0.0
Paracentral_Lobule_L <=> Cerebelum_4_5_R,0.0
Paracentral_Lobule_L <=> Cerebelum_4_5_L,0.0
Paracentral_Lobule_L <=> Cerebelum_3_R,0.0
Paracentral_Lobule_L <=> Cerebelum_3_L,0.0
Paracentral_Lobule_L <=> Cerebelum_9_L,0.0
Paracentral_Lobule_L <=> Cerebelum_Crus2_R,0.0
Paracentral_Lobule_L <=> Cerebelum_Crus1_R,0.0
Paracentral_Lobule_L <=> Cerebelum_Crus1_L,0.0
Paracentral_Lobule_L <=> Temporal_Inf_R,0.0
Paracentral_Lobule_L <=> Temporal_Inf_L,0.0
Paracentral_Lobule_L <=> Temporal_Pole_Mid_R,0.0
Paracentral_Lobule_L <=> Temporal_Pole_Mid_L,0.0
Paracentral_Lobule_L <=> Temporal_Mid_R,0.0
Paracentral_Lobule_L <=> Temporal_Mid_L,0.0
Paracentral_Lobule_L <=> Temporal_Pole_Sup_R,0.0
Paracentral_Lobule_L <=> Temporal_Pole_Sup_L,0.0
Paracentral_Lobule_L <=> Cerebelum_Crus2_L,0.0
Paracentral_Lobule_L <=> Cerebelum_9_R,0.0
Paracentral_Lobule_L <=> Cerebelum_10_L,0.0
Paracentral_Lobule_L <=> Cerebelum_10_R,0.0
Paracentral_Lobule_R <=> Temporal_Mid_L,0.0
Paracentral_Lobule_R <=> Temporal_Pole_Sup_R,0.0
Paracentral_Lobule_R <=> Temporal_Pole_Sup_L,0.0
Paracentral_Lobule_R <=> Temporal_Sup_R,0.0
Paracentral_Lobule_R <=> Temporal_Sup_L,0.0
Paracentral_Lobule_R <=> Heschl_R,0.0
Paracentral_Lobule_R <=> Heschl_L,0.0
Paracentral_Lobule_R <=> Thalamus_R,0.0
Paracentral_Lobule_R <=> Thalamus_L,0.0
Paracentral_Lobule_R <=> Pallidum_R,0.0
Paracentral_Lobule_R <=> Pallidum_L,0.0
Paracentral_Lobule_R <=> Putamen_R,0.0
Paracentral_Lobule_R <=> Putamen_L,0.0
Paracentral_Lobule_R <=> Caudate_R,0.0
Paracentral_Lobule_R <=> Caudate_L,0.0
Paracentral_Lobule_L <=> Vermis_10,0.0
Paracentral_Lobule_L <=> Vermis_9,0.0
Paracentral_Lobule_L <=> Vermis_8,0.0
Paracentral_Lobule_L <=> Vermis_7,0.0
Paracentral_Lobule_L <=> Vermis_6,0.0
Paracentral_Lobule_L <=> Vermis_4_5,0.0
Paracentral_Lobule_L <=> Vermis_3,0.0
Paracentral_Lobule_L <=> Vermis_1_2,0.0
Paracentral_Lobule_L <=> Temporal_Sup_R,0.0
Paracentral_Lobule_R <=> Temporal_Mid_R,0.0
Paracentral_Lobule_L <=> Temporal_Sup_L,0.0
Paracentral_Lobule_L <=> Heschl_L,0.0
Precuneus_R <=> Cerebelum_4_5_R,0.0
Precuneus_R <=> Cerebelum_4_5_L,0.0
Precuneus_R <=> Cerebelum_3_R,0.0
Precuneus_R <=> Cerebelum_3_L,0.0
Precuneus_R <=> Cerebelum_Crus2_R,0.0
Precuneus_R <=> Cerebelum_Crus2_L,0.0
Precuneus_R <=> Cerebelum_Crus1_R,0.0
Precuneus_R <=> Cerebelum_Crus1_L,0.0
Precuneus_R <=> Temporal_Inf_R,0.0
Precuneus_R <=> Temporal_Inf_L,0.0
Precuneus_R <=> Cerebelum_6_L,0.0
Precuneus_R <=> Temporal_Pole_Mid_R,0.0
Precuneus_R <=> Temporal_Mid_R,0.0
Precuneus_R <=> Temporal_Mid_L,0.0
Precuneus_R <=> Temporal_Pole_Sup_R,0.0
Precuneus_R <=> Temporal_Pole_Sup_L,0.0
Precuneus_R <=> Temporal_Sup_R,0.0
Precuneus_R <=> Temporal_Sup_L,0.0
Precuneus_R <=> Heschl_R,0.0
Precuneus_R <=> Heschl_L,0.0
Precuneus_R <=> Thalamus_R,0.0
Precuneus_R <=> Thalamus_L,0.0
Precuneus_R <=> Temporal_Pole_Mid_L,0.0
Precuneus_R <=> Cerebelum_6_R,0.0
Precuneus_R <=> Cerebelum_7b_L,0.0
Precuneus_R <=> Cerebelum_7b_R,0.0
Paracentral_Lobule_L <=> Thalamus_R,0.0
Paracentral_Lobule_L <=> Thalamus_L,0.0
Paracentral_Lobule_L <=> Pallidum_R,0.0
Paracentral_Lobule_L <=> Pallidum_L,0.0
Paracentral_Lobule_L <=> Putamen_R,0.0
Paracentral_Lobule_L <=> Putamen_L,0.0
Paracentral_Lobule_L <=> Caudate_R,0.0
Paracentral_Lobule_L <=> Caudate_L,0.0
Paracentral_Lobule_L <=> Paracentral_Lobule_R,0.0
Precuneus_R <=> Vermis_10,0.0
Precuneus_R <=> Vermis_9,0.0
Precuneus_R <=> Vermis_8,0.0
Precuneus_R <=> Vermis_7,0.0
Precuneus_R <=> Vermis_6,0.0
Precuneus_R <=> Vermis_4_5,0.0
Precuneus_R <=> Vermis_3,0.0
Precuneus_R <=> Vermis_1_2,0.0
Precuneus_R <=> Cerebelum_10_R,0.0
Precuneus_R <=> Cerebelum_10_L,0.0
Precuneus_R <=> Cerebelum_9_R,0.0
Precuneus_R <=> Cerebelum_9_L,0.0
Precuneus_R <=> Cerebelum_8_R,0.0
Precuneus_R <=> Cerebelum_8_L,0.0
Paracentral_Lobule_L <=> Heschl_R,0.0
Precuneus_R <=> Pallidum_L,0.0
Paracentral_Lobule_R <=> Temporal_Pole_Mid_L,0.0
Paracentral_Lobule_R <=> Temporal_Inf_L,0.0
Caudate_R <=> Pallidum_L,0.0
Caudate_R <=> Putamen_R,0.0
Caudate_R <=> Putamen_L,0.0
Caudate_L <=> Vermis_10,0.0
Caudate_L <=> Vermis_9,0.0
Caudate_L <=> Vermis_8,0.0
Caudate_L <=> Vermis_7,0.0
Caudate_L <=> Vermis_6,0.0
Caudate_L <=> Vermis_4_5,0.0
Caudate_L <=> Vermis_3,0.0
Caudate_R <=> Pallidum_R,0.0
Caudate_L <=> Vermis_1_2,0.0
Caudate_L <=> Cerebelum_10_L,0.0
Caudate_L <=> Cerebelum_9_R,0.0
Caudate_L <=> Cerebelum_9_L,0.0
Caudate_L <=> Cerebelum_8_R,0.0
Caudate_L <=> Cerebelum_8_L,0.0
Caudate_L <=> Cerebelum_7b_R,0.0
Caudate_L <=> Cerebelum_7b_L,0.0
Caudate_L <=> Cerebelum_6_R,0.0
Caudate_L <=> Cerebelum_6_L,0.0
Caudate_L <=> Cerebelum_4_5_R,0.0
Caudate_L <=> Cerebelum_10_R,0.0
Caudate_R <=> Thalamus_L,0.0
Caudate_R <=> Thalamus_R,0.0
Caudate_R <=> Heschl_L,0.0
Caudate_R <=> Cerebelum_7b_R,0.0
Caudate_R <=> Cerebelum_7b_L,0.0
Caudate_R <=> Cerebelum_6_R,0.0
Caudate_R <=> Cerebelum_6_L,0.0
Caudate_R <=> Cerebelum_4_5_R,0.0
Caudate_R <=> Cerebelum_4_5_L,0.0
Caudate_R <=> Cerebelum_3_R,0.0
Caudate_R <=> Cerebelum_3_L,0.0
Caudate_R <=> Cerebelum_Crus2_R,0.0
Caudate_R <=> Cerebelum_Crus2_L,0.0
Caudate_R <=> Cerebelum_Crus1_R,0.0
Caudate_R <=> Cerebelum_Crus1_L,0.0
Caudate_R <=> Temporal_Inf_R,0.0
Caudate_R <=> Temporal_Inf_L,0.0
Caudate_R <=> Temporal_Pole_Mid_R,0.0
Caudate_R <=> Temporal_Pole_Mid_L,0.0
Caudate_R <=> Temporal_Mid_R,0.0
Caudate_R <=> Temporal_Mid_L,0.0
Caudate_R <=> Temporal_Pole_Sup_R,0.0
Caudate_R <=> Temporal_Pole_Sup_L,0.0
Caudate_R <=> Temporal_Sup_R,0.0
Caudate_R <=> Temporal_Sup_L,0.0
Caudate_R <=> Heschl_R,0.0
Caudate_L <=> Cerebelum_4_5_L,0.0
Paracentral_Lobule_R <=> Temporal_Pole_Mid_R,0.0
Caudate_L <=> Cerebelum_3_R,0.0
Caudate_L <=> Cerebelum_Crus2_R,0.0
Paracentral_Lobule_R <=> Vermis_4_5,0.0
Paracentral_Lobule_R <=> Vermis_3,0.0
Paracentral_Lobule_R <=> Vermis_1_2,0.0
Paracentral_Lobule_R <=> Cerebelum_10_R,0.0
Paracentral_Lobule_R <=> Cerebelum_10_L,0.0
Paracentral_Lobule_R <=> Cerebelum_9_R,0.0
Paracentral_Lobule_R <=> Cerebelum_9_L,0.0
Paracentral_Lobule_R <=> Cerebelum_8_R,0.0
Paracentral_Lobule_R <=> Cerebelum_8_L,0.0
Paracentral_Lobule_R <=> Cerebelum_7b_R,0.0
Paracentral_Lobule_R <=> Vermis_6,0.0
Paracentral_Lobule_R <=> Cerebelum_7b_L,0.0
Paracentral_Lobule_R <=> Cerebelum_6_L,0.0
Paracentral_Lobule_R <=> Cerebelum_4_5_R,0.0
Paracentral_Lobule_R <=> Cerebelum_4_5_L,0.0
Paracentral_Lobule_R <=> Cerebelum_3_R,0.0
Paracentral_Lobule_R <=> Cerebelum_3_L,0.0
Paracentral_Lobule_R <=> Cerebelum_Crus2_R,0.0
Paracentral_Lobule_R <=> Cerebelum_Crus2_L,0.0
Paracentral_Lobule_R <=> Cerebelum_Crus1_R,0.0
Paracentral_Lobule_R <=> Cerebelum_Crus1_L,0.0
Paracentral_Lobule_R <=> Temporal_Inf_R,0.0
Paracentral_Lobule_R <=> Cerebelum_6_R,0.0
Paracentral_Lobule_R <=> Vermis_7,0.0
Paracentral_Lobule_R <=> Vermis_8,0.0
Paracentral_Lobule_R <=> Vermis_9,0.0
Caudate_L <=> Cerebelum_Crus2_L,0.0
Caudate_L <=> Cerebelum_Crus1_R,0.0
Caudate_L <=> Cerebelum_Crus1_L,0.0
Caudate_L <=> Temporal_Inf_R,0.0
Caudate_L <=> Temporal_Inf_L,0.0
Caudate_L <=> Temporal_Pole_Mid_R,0.0
Caudate_L <=> Temporal_Pole_Mid_L,0.0
Caudate_L <=> Temporal_Mid_R,0.0
Caudate_L <=> Temporal_Mid_L,0.0
Caudate_L <=> Temporal_Pole_Sup_R,0.0
Caudate_L <=> Temporal_Pole_Sup_L,0.0
Caudate_L <=> Temporal_Sup_R,0.0
Caudate_L <=> Temporal_Sup_L,0.0
Caudate_L <=> Heschl_R,0.0
Caudate_L <=> Heschl_L,0.0
Caudate_L <=> Thalamus_R,0.0
Caudate_L <=> Thalamus_L,0.0
Caudate_L <=> Pallidum_R,0.0
Caudate_L <=> Pallidum_L,0.0
Caudate_L <=> Putamen_R,0.0
Caudate_L <=> Putamen_L,0.0
Caudate_L <=> Caudate_R,0.0
Paracentral_Lobule_R <=> Vermis_10,0.0
Caudate_L <=> Cerebelum_3_L,0.0
Cingulum_Post_L <=> Putamen_L,0.0
Cingulum_Post_L <=> Caudate_R,0.0
Cingulum_Post_L <=> Caudate_L,0.0
Frontal_Inf_Oper_L <=> ParaHippocampal_L,0.0
Frontal_Inf_Oper_L <=> Hippocampus_R,0.0
Frontal_Inf_Oper_L <=> Hippocampus_L,0.0
Frontal_Inf_Oper_L <=> Cingulum_Post_R,0.0
Frontal_Inf_Oper_L <=> Cingulum_Post_L,0.0
Frontal_Inf_Oper_L <=> Cingulum_Mid_R,0.0
Frontal_Inf_Oper_L <=> Cingulum_Mid_L,0.0
Frontal_Inf_Oper_L <=> Cingulum_Ant_R,0.0
Frontal_Inf_Oper_L <=> Cingulum_Ant_L,0.0
Frontal_Inf_Oper_L <=> Insula_R,0.0
Frontal_Inf_Oper_L <=> ParaHippocampal_R,0.0
Frontal_Inf_Oper_L <=> Insula_L,0.0
Frontal_Inf_Oper_L <=> Rectus_L,0.0
Frontal_Inf_Oper_L <=> Frontal_Med_Orb_R,0.0
Frontal_Inf_Oper_L <=> Frontal_Med_Orb_L,0.0
Frontal_Inf_Oper_L <=> Frontal_Sup_Medial_R,0.0
Frontal_Inf_Oper_L <=> Frontal_Sup_Medial_L,0.0
Frontal_Inf_Oper_L <=> Olfactory_R,0.0
Frontal_Inf_Oper_L <=> Olfactory_L,0.0
Frontal_Inf_Oper_L <=> Supp_Motor_Area_R,0.0
Frontal_Inf_Oper_L <=> Supp_Motor_Area_L,0.0
Frontal_Inf_Oper_L <=> Rolandic_Oper_R,0.0
Frontal_Inf_Oper_L <=> Rectus_R,0.0
Frontal_Inf_Oper_L <=> Rolandic_Oper_L,0.0
Frontal_Inf_Oper_L <=> Amygdala_L,0.0
Frontal_Inf_Oper_L <=> Calcarine_L,0.0
Frontal_Inf_Oper_L <=> Angular_L,0.0
Frontal_Inf_Oper_L <=> SupraMarginal_R,0.0
Frontal_Inf_Oper_L <=> SupraMarginal_L,0.0
Frontal_Inf_Oper_L <=> Parietal_Inf_R,0.0
Frontal_Inf_Oper_L <=> Parietal_Inf_L,0.0
Frontal_Inf_Oper_L <=> Parietal_Sup_R,0.0
Frontal_Inf_Oper_L <=> Parietal_Sup_L,0.0
Frontal_Inf_Oper_L <=> Postcentral_R,0.0
Frontal_Inf_Oper_L <=> Postcentral_L,0.0
Frontal_Inf_Oper_L <=> Fusiform_R,0.0
Frontal_Inf_Oper_L <=> Amygdala_R,0.0
Frontal_Inf_Oper_L <=> Fusiform_L,0.0
Frontal_Inf_Oper_L <=> Occipital_Inf_L,0.0
Frontal_Inf_Oper_L <=> Occipital_Mid_R,0.0
Frontal_Inf_Oper_L <=> Occipital_Mid_L,0.0
Frontal_Inf_Oper_L <=> Occipital_Sup_R,0.0
Frontal_Inf_Oper_L <=> Occipital_Sup_L,0.0
Frontal_Inf_Oper_L <=> Lingual_R,0.0
Frontal_Inf_Oper_L <=> Lingual_L,0.0
Frontal_Inf_Oper_L <=> Cuneus_R,0.0
Frontal_Inf_Oper_L <=> Cuneus_L,0.0
Frontal_Inf_Oper_L <=> Calcarine_R,0.0
Frontal_Inf_Oper_L <=> Occipital_Inf_R,0.0
Frontal_Inf_Oper_L <=> Frontal_Inf_Orb_R,0.0
Frontal_Inf_Oper_L <=> Frontal_Inf_Orb_L,0.0
Frontal_Inf_Oper_L <=> Frontal_Inf_Tri_R,0.0
Frontal_Mid_Orb_R <=> Cerebelum_Crus1_L,0.0
Frontal_Mid_Orb_R <=> Temporal_Inf_R,0.0
Frontal_Mid_Orb_R <=> Temporal_Inf_L,0.0
Frontal_Mid_Orb_R <=> Temporal_Pole_Mid_R,0.0
Frontal_Mid_Orb_R <=> Temporal_Pole_Mid_L,0.0
Frontal_Mid_Orb_R <=> Temporal_Mid_R,0.0
Frontal_Mid_Orb_R <=> Temporal_Mid_L,0.0
Frontal_Mid_Orb_R <=> Temporal_Pole_Sup_R,0.0
Frontal_Mid_Orb_R <=> Temporal_Pole_Sup_L,0.0
Frontal_Mid_Orb_R <=> Temporal_Sup_R,0.0
Frontal_Mid_Orb_R <=> Cerebelum_Crus1_R,0.0
Frontal_Mid_Orb_R <=> Temporal_Sup_L,0.0
Frontal_Mid_Orb_R <=> Heschl_L,0.0
Frontal_Mid_Orb_R <=> Thalamus_R,0.0
Frontal_Mid_Orb_R <=> Thalamus_L,0.0
Frontal_Mid_Orb_R <=> Pallidum_R,0.0
Frontal_Mid_Orb_R <=> Pallidum_L,0.0
Frontal_Mid_Orb_R <=> Putamen_R,0.0
Frontal_Mid_Orb_R <=> Putamen_L,0.0
Frontal_Mid_Orb_R <=> Caudate_R,0.0
Frontal_Mid_Orb_R <=> Caudate_L,0.0
Frontal_Mid_Orb_R <=> Paracentral_Lobule_R,0.0
Frontal_Mid_Orb_R <=> Heschl_R,0.0
Frontal_Mid_Orb_R <=> Cerebelum_Crus2_L,0.0
Frontal_Mid_Orb_R <=> Cerebelum_Crus2_R,0.0
Frontal_Mid_Orb_R <=> Cerebelum_3_L,0.0
Frontal_Inf_Oper_L <=> Frontal_Inf_Tri_L,0.0
Frontal_Inf_Oper_L <=> Frontal_Inf_Oper_R,0.0
Frontal_Mid_Orb_R <=> Vermis_10,0.0
Frontal_Mid_Orb_R <=> Vermis_9,0.0
Frontal_Mid_Orb_R <=> Vermis_8,0.0
Frontal_Mid_Orb_R <=> Vermis_7,0.0
Frontal_Mid_Orb_R <=> Vermis_6,0.0
Frontal_Mid_Orb_R <=> Vermis_4_5,0.0
Frontal_Mid_Orb_R <=> Vermis_3,0.0
Frontal_Mid_Orb_R <=> Vermis_1_2,0.0
Frontal_Mid_Orb_R <=> Cerebelum_10_R,0.0
Frontal_Mid_Orb_R <=> Cerebelum_10_L,0.0
Frontal_Mid_Orb_R <=> Cerebelum_9_R,0.0
Frontal_Mid_Orb_R <=> Cerebelum_9_L,0.0
Frontal_Mid_Orb_R <=> Cerebelum_8_R,0.0
Frontal_Mid_Orb_R <=> Cerebelum_8_L,0.0
Frontal_Mid_Orb_R <=> Cerebelum_7b_R,0.0
Frontal_Mid_Orb_R <=> Cerebelum_7b_L,0.0
Frontal_Mid_Orb_R <=> Cerebelum_6_R,0.0
Frontal_Mid_Orb_R <=> Cerebelum_6_L,0.0
Frontal_Mid_Orb_R <=> Cerebelum_4_5_R,0.0
Frontal_Mid_Orb_R <=> Cerebelum_4_5_L,0.0
Frontal_Mid_Orb_R <=> Cerebelum_3_R,0.0
Frontal_Inf_Oper_L <=> Angular_R,0.0
Frontal_Inf_Oper_L <=> Precuneus_L,0.0
Frontal_Inf_Oper_L <=> Precuneus_R,0.0
Frontal_Inf_Oper_L <=> Paracentral_Lobule_L,0.0
Frontal_Inf_Oper_R <=> Amygdala_L,0.0
Frontal_Inf_Oper_R <=> ParaHippocampal_R,0.0
Frontal_Inf_Oper_R <=> ParaHippocampal_L,0.0
Frontal_Inf_Oper_R <=> Hippocampus_R,0.0
Frontal_Inf_Oper_R <=> Hippocampus_L,0.0
Frontal_Inf_Oper_R <=> Cingulum_Post_R,0.0
Frontal_Inf_Oper_R <=> Cingulum_Post_L,0.0
Frontal_Inf_Oper_R <=> Cingulum_Mid_R,0.0
Frontal_Inf_Oper_R <=> Cingulum_Mid_L,0.0
Frontal_Inf_Oper_R <=> Cingulum_Ant_R,0.0
Frontal_Inf_Oper_R <=> Amygdala_R,0.0
Frontal_Inf_Oper_R <=> Cingulum_Ant_L,0.0
Frontal_Inf_Oper_R <=> Insula_L,0.0
Frontal_Inf_Oper_R <=> Rectus_R,0.0
Frontal_Inf_Oper_R <=> Rectus_L,0.0
Frontal_Inf_Oper_R <=> Frontal_Med_Orb_R,0.0
Frontal_Inf_Oper_R <=> Frontal_Med_Orb_L,0.0
Frontal_Inf_Oper_R <=> Frontal_Sup_Medial_R,0.0
Frontal_Inf_Oper_R <=> Frontal_Sup_Medial_L,0.0
Frontal_Inf_Oper_R <=> Olfactory_R,0.0
Frontal_Inf_Oper_R <=> Olfactory_L,0.0
Frontal_Inf_Oper_R <=> Supp_Motor_Area_R,0.0
Frontal_Inf_Oper_R <=> Insula_R,0.0
Frontal_Inf_Oper_R <=> Calcarine_L,0.0
Frontal_Inf_Oper_R <=> Calcarine_R,0.0
Frontal_Inf_Oper_R <=> Cuneus_L,0.0
Frontal_Inf_Oper_R <=> Precuneus_R,0.0
Frontal_Inf_Oper_R <=> Precuneus_L,0.0
Frontal_Inf_Oper_R <=> Angular_R,0.0
Frontal_Inf_Oper_R <=> Angular_L,0.0
Frontal_Inf_Oper_R <=> SupraMarginal_R,0.0
Frontal_Inf_Oper_R <=> SupraMarginal_L,0.0
Frontal_Inf_Oper_R <=> Parietal_Inf_R,0.0
Frontal_Inf_Oper_R <=> Parietal_Inf_L,0.0
Frontal_Inf_Oper_R <=> Parietal_Sup_R,0.0
Frontal_Inf_Oper_R <=> Parietal_Sup_L,0.0
Frontal_Inf_Oper_R <=> Postcentral_R,0.0
Frontal_Inf_Oper_R <=> Postcentral_L,0.0
Frontal_Inf_Oper_R <=> Fusiform_R,0.0
Frontal_Inf_Oper_R <=> Fusiform_L,0.0
Frontal_Inf_Oper_R <=> Occipital_Inf_R,0.0
Frontal_Inf_Oper_R <=> Occipital_Inf_L,0.0
Frontal_Inf_Oper_R <=> Occipital_Mid_R,0.0
Frontal_Inf_Oper_R <=> Occipital_Mid_L,0.0
Frontal_Inf_Oper_R <=> Occipital_Sup_R,0.0
Frontal_Inf_Oper_R <=> Occipital_Sup_L,0.0
Frontal_Inf_Oper_R <=> Lingual_R,0.0
Frontal_Inf_Oper_R <=> Lingual_L,0.0
Frontal_Inf_Oper_R <=> Cuneus_R,0.0
Frontal_Inf_Oper_R <=> Supp_Motor_Area_L,0.0
Frontal_Mid_Orb_R <=> Paracentral_Lobule_L,0.0
Frontal_Inf_Oper_R <=> Rolandic_Oper_R,0.0
Frontal_Inf_Oper_R <=> Frontal_Inf_Orb_R,0.0
Frontal_Inf_Oper_L <=> Cerebelum_Crus1_L,0.0
Frontal_Inf_Oper_L <=> Temporal_Inf_R,0.0
Frontal_Inf_Oper_L <=> Temporal_Inf_L,0.0
Frontal_Inf_Oper_L <=> Temporal_Pole_Mid_R,0.0
Frontal_Inf_Oper_L <=> Temporal_Pole_Mid_L,0.0
Frontal_Inf_Oper_L <=> Temporal_Mid_R,0.0
Frontal_Inf_Oper_L <=> Temporal_Mid_L,0.0
Frontal_Inf_Oper_L <=> Temporal_Pole_Sup_R,0.0
Frontal_Inf_Oper_L <=> Temporal_Pole_Sup_L,0.0
Frontal_Inf_Oper_L <=> Temporal_Sup_R,0.0
Frontal_Inf_Oper_L <=> Cerebelum_Crus1_R,0.0
Frontal_Inf_Oper_L <=> Temporal_Sup_L,0.0
Frontal_Inf_Oper_L <=> Heschl_L,0.0
Frontal_Inf_Oper_L <=> Thalamus_R,0.0
Frontal_Inf_Oper_L <=> Thalamus_L,0.0
Frontal_Inf_Oper_L <=> Pallidum_R,0.0
Frontal_Inf_Oper_L <=> Pallidum_L,0.0
Frontal_Inf_Oper_L <=> Putamen_R,0.0
Frontal_Inf_Oper_L <=> Putamen_L,0.0
Frontal_Inf_Oper_L <=> Caudate_R,0.0
Frontal_Inf_Oper_L <=> Caudate_L,0.0
Frontal_Inf_Oper_L <=> Paracentral_Lobule_R,0.0
Frontal_Inf_Oper_L <=> Heschl_R,0.0
Frontal_Inf_Oper_L <=> Cerebelum_Crus2_L,0.0
Frontal_Inf_Oper_L <=> Cerebelum_Crus2_R,0.0
Frontal_Inf_Oper_L <=> Cerebelum_3_L,0.0
Frontal_Inf_Oper_R <=> Frontal_Inf_Orb_L,0.0
Frontal_Inf_Oper_R <=> Frontal_Inf_Tri_R,0.0
Frontal_Inf_Oper_R <=> Frontal_Inf_Tri_L,0.0
Frontal_Inf_Oper_L <=> Vermis_10,0.0
Frontal_Inf_Oper_L <=> Vermis_9,0.0
Frontal_Inf_Oper_L <=> Vermis_7,0.0
Frontal_Inf_Oper_L <=> Vermis_6,0.0
Frontal_Inf_Oper_L <=> Vermis_4_5,0.0
Frontal_Inf_Oper_L <=> Vermis_3,0.0
Frontal_Inf_Oper_L <=> Vermis_1_2,0.0
Frontal_Inf_Oper_L <=> Cerebelum_10_R,0.0
Frontal_Inf_Oper_L <=> Cerebelum_10_L,0.0
Frontal_Inf_Oper_L <=> Cerebelum_9_R,0.0
Frontal_Inf_Oper_L <=> Cerebelum_9_L,0.0
Frontal_Inf_Oper_L <=> Cerebelum_8_R,0.0
Frontal_Inf_Oper_L <=> Cerebelum_8_L,0.0
Frontal_Inf_Oper_L <=> Cerebelum_7b_R,0.0
Frontal_Inf_Oper_L <=> Cerebelum_7b_L,0.0
Frontal_Inf_Oper_L <=> Cerebelum_6_R,0.0
Frontal_Inf_Oper_L <=> Cerebelum_6_L,0.0
Frontal_Inf_Oper_L <=> Cerebelum_4_5_R,0.0
Frontal_Inf_Oper_L <=> Cerebelum_4_5_L,0.0
Frontal_Inf_Oper_L <=> Cerebelum_3_R,0.0
Frontal_Inf_Oper_R <=> Rolandic_Oper_L,0.0
Frontal_Inf_Oper_R <=> Paracentral_Lobule_L,0.0
Frontal_Mid_Orb_R <=> Precuneus_R,0.0
Frontal_Mid_Orb_R <=> Angular_R,0.0
Frontal_Mid_Orb_L <=> ParaHippocampal_L,0.0
Frontal_Mid_Orb_L <=> Hippocampus_R,0.0
Frontal_Mid_Orb_L <=> Hippocampus_L,0.0
Frontal_Mid_Orb_L <=> Cingulum_Post_R,0.0
Frontal_Mid_Orb_L <=> Cingulum_Post_L,0.0
Frontal_Mid_Orb_L <=> Cingulum_Mid_R,0.0
Frontal_Mid_Orb_L <=> Cingulum_Mid_L,0.0
Frontal_Mid_Orb_L <=> Cingulum_Ant_R,0.0
Frontal_Mid_Orb_L <=> Cingulum_Ant_L,0.0
Frontal_Mid_Orb_L <=> Insula_R,0.0
Frontal_Mid_Orb_L <=> ParaHippocampal_R,0.0
Frontal_Mid_Orb_L <=> Insula_L,0.0
Frontal_Mid_Orb_L <=> Rectus_L,0.0
Frontal_Mid_Orb_L <=> Frontal_Med_Orb_R,0.0
Frontal_Mid_Orb_L <=> Frontal_Med_Orb_L,0.0
Frontal_Mid_Orb_L <=> Frontal_Sup_Medial_R,0.0
Frontal_Mid_Orb_L <=> Frontal_Sup_Medial_L,0.0
Frontal_Mid_Orb_L <=> Olfactory_R,0.0
Frontal_Mid_Orb_L <=> Olfactory_L,0.0
Frontal_Mid_Orb_L <=> Supp_Motor_Area_R,0.0
Frontal_Mid_Orb_L <=> Supp_Motor_Area_L,0.0
Frontal_Mid_Orb_L <=> Rolandic_Oper_R,0.0
Frontal_Mid_Orb_L <=> Rectus_R,0.0
Frontal_Mid_Orb_L <=> Rolandic_Oper_L,0.0
Frontal_Mid_Orb_L <=> Amygdala_L,0.0
Frontal_Mid_Orb_L <=> Calcarine_L,0.0
Frontal_Mid_Orb_L <=> Angular_L,0.0
Frontal_Mid_Orb_L <=> SupraMarginal_R,0.0
Frontal_Mid_Orb_L <=> SupraMarginal_L,0.0
Frontal_Mid_Orb_L <=> Parietal_Inf_R,0.0
Frontal_Mid_Orb_L <=> Parietal_Inf_L,0.0
Frontal_Mid_Orb_L <=> Parietal_Sup_R,0.0
Frontal_Mid_Orb_L <=> Parietal_Sup_L,0.0
Frontal_Mid_Orb_L <=> Postcentral_R,0.0
Frontal_Mid_Orb_L <=> Postcentral_L,0.0
Frontal_Mid_Orb_L <=> Fusiform_R,0.0
Frontal_Mid_Orb_L <=> Amygdala_R,0.0
Frontal_Mid_Orb_L <=> Fusiform_L,0.0
Frontal_Mid_Orb_L <=> Occipital_Inf_L,0.0
Frontal_Mid_Orb_L <=> Occipital_Mid_R,0.0
Frontal_Mid_Orb_L <=> Occipital_Mid_L,0.0
Frontal_Mid_Orb_L <=> Occipital_Sup_R,0.0
Frontal_Mid_Orb_L <=> Occipital_Sup_L,0.0
Frontal_Mid_Orb_L <=> Lingual_R,0.0
Frontal_Mid_Orb_L <=> Lingual_L,0.0
Frontal_Mid_Orb_L <=> Cuneus_R,0.0
Frontal_Mid_Orb_L <=> Cuneus_L,0.0
Frontal_Mid_Orb_L <=> Calcarine_R,0.0
Frontal_Mid_Orb_L <=> Occipital_Inf_R,0.0
Frontal_Mid_Orb_L <=> Frontal_Inf_Orb_R,0.0
Frontal_Mid_Orb_L <=> Frontal_Inf_Orb_L,0.0
Frontal_Mid_Orb_L <=> Frontal_Inf_Tri_R,0.0
Frontal_Mid_R <=> Cerebelum_Crus2_L,0.0
Frontal_Mid_R <=> Cerebelum_Crus1_R,0.0
Frontal_Mid_R <=> Cerebelum_Crus1_L,0.0
Frontal_Mid_R <=> Temporal_Inf_R,0.0
Frontal_Mid_R <=> Temporal_Inf_L,0.0
Frontal_Mid_R <=> Temporal_Pole_Mid_R,0.0
Frontal_Mid_R <=> Temporal_Pole_Mid_L,0.0
Frontal_Mid_R <=> Temporal_Mid_R,0.0
Frontal_Mid_R <=> Temporal_Mid_L,0.0
Frontal_Mid_R <=> Temporal_Pole_Sup_R,0.0
Frontal_Mid_R <=> Cerebelum_Crus2_R,0.0
Frontal_Mid_R <=> Temporal_Pole_Sup_L,0.0
Frontal_Mid_R <=> Temporal_Sup_L,0.0
Frontal_Mid_R <=> Heschl_R,0.0
Frontal_Mid_R <=> Heschl_L,0.0
Frontal_Mid_R <=> Thalamus_R,0.0
Frontal_Mid_R <=> Thalamus_L,0.0
Frontal_Mid_R <=> Pallidum_R,0.0
Frontal_Mid_R <=> Pallidum_L,0.0
Frontal_Mid_R <=> Putamen_R,0.0
Frontal_Mid_R <=> Putamen_L,0.0
Frontal_Mid_R <=> Caudate_R,0.0
Frontal_Mid_R <=> Temporal_Sup_R,0.0
Frontal_Mid_R <=> Cerebelum_3_L,0.0
Frontal_Mid_R <=> Cerebelum_3_R,0.0
Frontal_Mid_R <=> Cerebelum_4_5_L,0.0
Frontal_Mid_Orb_L <=> Frontal_Inf_Tri_L,0.0
Frontal_Mid_Orb_L <=> Frontal_Inf_Oper_R,0.0
Frontal_Mid_Orb_L <=> Frontal_Inf_Oper_L,0.0
Frontal_Mid_Orb_L <=> Frontal_Mid_Orb_R,0.0
Frontal_Mid_R <=> Vermis_10,0.0
Frontal_Mid_R <=> Vermis_9,0.0
Frontal_Mid_R <=> Vermis_8,0.0
Frontal_Mid_R <=> Vermis_7,0.0
Frontal_Mid_R <=> Vermis_6,0.0
Frontal_Mid_R <=> Vermis_4_5,0.0
Frontal_Mid_R <=> Vermis_3,0.0
Frontal_Mid_R <=> Vermis_1_2,0.0
Frontal_Mid_R <=> Cerebelum_10_R,0.0
Frontal_Mid_R <=> Cerebelum_10_L,0.0
Frontal_Mid_R <=> Cerebelum_9_R,0.0
Frontal_Mid_R <=> Cerebelum_9_L,0.0
Frontal_Mid_R <=> Cerebelum_8_R,0.0
Frontal_Mid_R <=> Cerebelum_8_L,0.0
Frontal_Mid_R <=> Cerebelum_7b_R,0.0
Frontal_Mid_R <=> Cerebelum_7b_L,0.0
Frontal_Mid_R <=> Cerebelum_6_R,0.0
Frontal_Mid_R <=> Cerebelum_6_L,0.0
Frontal_Mid_R <=> Cerebelum_4_5_R,0.0
Frontal_Mid_Orb_L <=> Angular_R,0.0
Frontal_Mid_Orb_L <=> Precuneus_L,0.0
Frontal_Mid_Orb_L <=> Precuneus_R,0.0
Frontal_Mid_Orb_L <=> Paracentral_Lobule_L,0.0
Frontal_Mid_Orb_R <=> Hippocampus_R,0.0
Frontal_Mid_Orb_R <=> Hippocampus_L,0.0
Frontal_Mid_Orb_R <=> Cingulum_Post_R,0.0
Frontal_Mid_Orb_R <=> Cingulum_Post_L,0.0
Frontal_Mid_Orb_R <=> Cingulum_Mid_R,0.0
Frontal_Mid_Orb_R <=> Cingulum_Mid_L,0.0
Frontal_Mid_Orb_R <=> Cingulum_Ant_R,0.0
Frontal_Mid_Orb_R <=> Cingulum_Ant_L,0.0
Frontal_Mid_Orb_R <=> Insula_R,0.0
Frontal_Mid_Orb_R <=> Insula_L,0.0
Frontal_Mid_Orb_R <=> ParaHippocampal_L,0.0
Frontal_Mid_Orb_R <=> Rectus_R,0.0
Frontal_Mid_Orb_R <=> Frontal_Med_Orb_R,0.0
Frontal_Mid_Orb_R <=> Frontal_Med_Orb_L,0.0
Frontal_Mid_Orb_R <=> Frontal_Sup_Medial_R,0.0
Frontal_Mid_Orb_R <=> Frontal_Sup_Medial_L,0.0
Frontal_Mid_Orb_R <=> Olfactory_R,0.0
Frontal_Mid_Orb_R <=> Olfactory_L,0.0
Frontal_Mid_Orb_R <=> Supp_Motor_Area_R,0.0
Frontal_Mid_Orb_R <=> Supp_Motor_Area_L,0.0
Frontal_Mid_Orb_R <=> Rolandic_Oper_R,0.0
Frontal_Mid_Orb_R <=> Rolandic_Oper_L,0.0
Frontal_Mid_Orb_R <=> Rectus_L,0.0
Frontal_Mid_Orb_R <=> ParaHippocampal_R,0.0
Frontal_Mid_Orb_R <=> Amygdala_L,0.0
Frontal_Mid_Orb_R <=> Amygdala_R,0.0
Frontal_Mid_Orb_R <=> Angular_L,0.0
Frontal_Mid_Orb_R <=> SupraMarginal_R,0.0
Frontal_Mid_Orb_R <=> SupraMarginal_L,0.0
Frontal_Mid_Orb_R <=> Parietal_Inf_R,0.0
Frontal_Mid_Orb_R <=> Parietal_Inf_L,0.0
Frontal_Mid_Orb_R <=> Parietal_Sup_R,0.0
Frontal_Mid_Orb_R <=> Parietal_Sup_L,0.0
Frontal_Mid_Orb_R <=> Postcentral_R,0.0
Frontal_Mid_Orb_R <=> Postcentral_L,0.0
Frontal_Mid_Orb_R <=> Fusiform_R,0.0
Frontal_Mid_Orb_R <=> Fusiform_L,0.0
Frontal_Mid_Orb_R <=> Occipital_Inf_R,0.0
Frontal_Mid_Orb_R <=> Occipital_Inf_L,0.0
Frontal_Mid_Orb_R <=> Occipital_Mid_R,0.0
Frontal_Mid_Orb_R <=> Occipital_Mid_L,0.0
Frontal_Mid_Orb_R <=> Occipital_Sup_R,0.0
Frontal_Mid_Orb_R <=> Occipital_Sup_L,0.0
Frontal_Mid_Orb_R <=> Lingual_R,0.0
Frontal_Mid_Orb_R <=> Lingual_L,0.0
Frontal_Mid_Orb_R <=> Cuneus_R,0.0
Frontal_Mid_Orb_R <=> Cuneus_L,0.0
Frontal_Mid_Orb_R <=> Calcarine_R,0.0
Frontal_Mid_Orb_R <=> Calcarine_L,0.0
Frontal_Mid_Orb_R <=> Frontal_Inf_Orb_R,0.0
Frontal_Mid_Orb_R <=> Precuneus_L,0.0
Frontal_Mid_Orb_R <=> Frontal_Inf_Orb_L,0.0
Frontal_Mid_Orb_R <=> Frontal_Inf_Tri_L,0.0
Frontal_Mid_Orb_L <=> Cerebelum_Crus1_L,0.0
Frontal_Mid_Orb_L <=> Temporal_Inf_R,0.0
Frontal_Mid_Orb_L <=> Temporal_Inf_L,0.0
Frontal_Mid_Orb_L <=> Temporal_Pole_Mid_R,0.0
Frontal_Mid_Orb_L <=> Temporal_Pole_Mid_L,0.0
Frontal_Mid_Orb_L <=> Temporal_Mid_R,0.0
Frontal_Mid_Orb_L <=> Temporal_Mid_L,0.0
Frontal_Mid_Orb_L <=> Temporal_Pole_Sup_R,0.0
Frontal_Mid_Orb_L <=> Temporal_Pole_Sup_L,0.0
Frontal_Mid_Orb_L <=> Temporal_Sup_R,0.0
Frontal_Mid_Orb_L <=> Cerebelum_Crus1_R,0.0
Frontal_Mid_Orb_L <=> Temporal_Sup_L,0.0
Frontal_Mid_Orb_L <=> Heschl_L,0.0
Frontal_Mid_Orb_L <=> Thalamus_R,0.0
Frontal_Mid_Orb_L <=> Thalamus_L,0.0
Frontal_Mid_Orb_L <=> Pallidum_R,0.0
Frontal_Mid_Orb_L <=> Pallidum_L,0.0
Frontal_Mid_Orb_L <=> Putamen_R,0.0
Frontal_Mid_Orb_L <=> Putamen_L,0.0
Frontal_Mid_Orb_L <=> Caudate_R,0.0
Frontal_Mid_Orb_L <=> Caudate_L,0.0
Frontal_Mid_Orb_L <=> Paracentral_Lobule_R,0.0
Frontal_Mid_Orb_L <=> Heschl_R,0.0
Frontal_Mid_Orb_L <=> Cerebelum_Crus2_L,0.0
Frontal_Mid_Orb_L <=> Cerebelum_Crus2_R,0.0
Frontal_Mid_Orb_L <=> Cerebelum_3_L,0.0
Frontal_Mid_Orb_R <=> Frontal_Inf_Oper_R,0.0
Frontal_Mid_Orb_R <=> Frontal_Inf_Oper_L,0.0
Frontal_Mid_Orb_L <=> Vermis_10,0.0
Frontal_Mid_Orb_L <=> Vermis_9,0.0
Frontal_Mid_Orb_L <=> Vermis_8,0.0
Frontal_Mid_Orb_L <=> Vermis_7,0.0
Frontal_Mid_Orb_L <=> Vermis_6,0.0
Frontal_Mid_Orb_L <=> Vermis_4_5,0.0
Frontal_Mid_Orb_L <=> Vermis_3,0.0
Frontal_Mid_Orb_L <=> Vermis_1_2,0.0
Frontal_Mid_Orb_L <=> Cerebelum_10_R,0.0
Frontal_Mid_Orb_L <=> Cerebelum_10_L,0.0
Frontal_Mid_Orb_L <=> Cerebelum_9_R,0.0
Frontal_Mid_Orb_L <=> Cerebelum_9_L,0.0
Frontal_Mid_Orb_L <=> Cerebelum_8_R,0.0
Frontal_Mid_Orb_L <=> Cerebelum_8_L,0.0
Frontal_Mid_Orb_L <=> Cerebelum_7b_R,0.0
Frontal_Mid_Orb_L <=> Cerebelum_7b_L,0.0
Frontal_Mid_Orb_L <=> Cerebelum_6_R,0.0
Frontal_Mid_Orb_L <=> Cerebelum_6_L,0.0
Frontal_Mid_Orb_L <=> Cerebelum_4_5_R,0.0
Frontal_Mid_Orb_L <=> Cerebelum_4_5_L,0.0
Frontal_Mid_Orb_L <=> Cerebelum_3_R,0.0
Frontal_Mid_Orb_R <=> Frontal_Inf_Tri_R,0.0
Frontal_Inf_Oper_R <=> Paracentral_Lobule_R,0.0
Frontal_Inf_Oper_R <=> Caudate_L,0.0
Frontal_Inf_Oper_R <=> Caudate_R,0.0
Frontal_Inf_Orb_L <=> Fusiform_L,0.0
Frontal_Inf_Orb_L <=> Occipital_Inf_R,0.0
Frontal_Inf_Orb_L <=> Occipital_Inf_L,0.0
Frontal_Inf_Orb_L <=> Occipital_Mid_R,0.0
Frontal_Inf_Orb_L <=> Occipital_Mid_L,0.0
Frontal_Inf_Orb_L <=> Occipital_Sup_R,0.0
Frontal_Inf_Orb_L <=> Occipital_Sup_L,0.0
Frontal_Inf_Orb_L <=> Lingual_R,0.0
Frontal_Inf_Orb_L <=> Lingual_L,0.0
Frontal_Inf_Orb_L <=> Cuneus_R,0.0
Frontal_Inf_Orb_L <=> Fusiform_R,0.0
Frontal_Inf_Orb_L <=> Cuneus_L,0.0
Frontal_Inf_Orb_L <=> Calcarine_L,0.0
Frontal_Inf_Orb_L <=> Amygdala_R,0.0
Frontal_Inf_Orb_L <=> ParaHippocampal_R,0.0
Frontal_Inf_Orb_L <=> ParaHippocampal_L,0.0
Frontal_Inf_Orb_L <=> Hippocampus_R,0.0
Frontal_Inf_Orb_L <=> Hippocampus_L,0.0
Frontal_Inf_Orb_L <=> Cingulum_Post_R,0.0
Frontal_Inf_Orb_L <=> Cingulum_Post_L,0.0
Frontal_Inf_Orb_L <=> Cingulum_Mid_R,0.0
Frontal_Inf_Orb_L <=> Cingulum_Mid_L,0.0
Frontal_Inf_Orb_L <=> Calcarine_R,0.0
Frontal_Inf_Orb_L <=> Cingulum_Ant_R,0.0
Frontal_Inf_Orb_L <=> Postcentral_L,0.0
Frontal_Inf_Orb_L <=> Parietal_Sup_L,0.0
Frontal_Inf_Orb_L <=> Temporal_Sup_L,0.0
Frontal_Inf_Orb_L <=> Heschl_R,0.0
Frontal_Inf_Orb_L <=> Heschl_L,0.0
Frontal_Inf_Orb_L <=> Thalamus_R,0.0
Frontal_Inf_Orb_L <=> Thalamus_L,0.0
Frontal_Inf_Orb_L <=> Pallidum_R,0.0
Frontal_Inf_Orb_L <=> Pallidum_L,0.0
Frontal_Inf_Orb_L <=> Putamen_R,0.0
Frontal_Inf_Orb_L <=> Putamen_L,0.0
Frontal_Inf_Orb_L <=> Caudate_R,0.0
Frontal_Inf_Orb_L <=> Postcentral_R,0.0
Frontal_Inf_Orb_L <=> Caudate_L,0.0
Frontal_Inf_Orb_L <=> Paracentral_Lobule_L,0.0
Frontal_Inf_Orb_L <=> Precuneus_R,0.0
Frontal_Inf_Orb_L <=> Precuneus_L,0.0
Frontal_Inf_Orb_L <=> Angular_R,0.0
Frontal_Inf_Orb_L <=> Angular_L,0.0
Frontal_Inf_Orb_L <=> SupraMarginal_R,0.0
Frontal_Inf_Orb_L <=> SupraMarginal_L,0.0
Frontal_Inf_Orb_L <=> Parietal_Inf_R,0.0
Frontal_Inf_Orb_L <=> Parietal_Inf_L,0.0
Frontal_Inf_Orb_L <=> Parietal_Sup_R,0.0
Frontal_Inf_Orb_L <=> Paracentral_Lobule_R,0.0
Frontal_Inf_Orb_L <=> Cingulum_Ant_L,0.0
Frontal_Inf_Orb_L <=> Insula_R,0.0
Frontal_Inf_Orb_L <=> Insula_L,0.0
Frontal_Inf_Tri_R <=> Cerebelum_7b_R,0.0
Frontal_Inf_Tri_R <=> Cerebelum_7b_L,0.0
Frontal_Inf_Tri_R <=> Cerebelum_6_R,0.0
Frontal_Inf_Tri_R <=> Cerebelum_6_L,0.0
Frontal_Inf_Tri_R <=> Cerebelum_4_5_R,0.0
Frontal_Inf_Tri_R <=> Cerebelum_4_5_L,0.0
Frontal_Inf_Tri_R <=> Cerebelum_3_R,0.0
Frontal_Inf_Tri_R <=> Cerebelum_3_L,0.0
Frontal_Inf_Tri_R <=> Cerebelum_Crus2_R,0.0
Frontal_Inf_Tri_R <=> Cerebelum_Crus2_L,0.0
Frontal_Inf_Tri_R <=> Cerebelum_8_L,0.0
Frontal_Inf_Tri_R <=> Cerebelum_Crus1_R,0.0
Frontal_Inf_Tri_R <=> Temporal_Inf_R,0.0
Frontal_Inf_Tri_R <=> Temporal_Inf_L,0.0
Frontal_Inf_Tri_R <=> Temporal_Pole_Mid_R,0.0
Frontal_Inf_Tri_R <=> Temporal_Pole_Mid_L,0.0
Frontal_Inf_Tri_R <=> Temporal_Mid_R,0.0
Frontal_Inf_Tri_R <=> Temporal_Mid_L,0.0
Frontal_Inf_Tri_R <=> Temporal_Pole_Sup_R,0.0
Frontal_Inf_Tri_R <=> Temporal_Pole_Sup_L,0.0
Frontal_Inf_Tri_R <=> Temporal_Sup_R,0.0
Frontal_Inf_Tri_R <=> Temporal_Sup_L,0.0
Frontal_Inf_Tri_R <=> Cerebelum_Crus1_L,0.0
Frontal_Inf_Tri_R <=> Cerebelum_8_R,0.0
Frontal_Inf_Tri_R <=> Cerebelum_9_L,0.0
Frontal_Inf_Tri_R <=> Cerebelum_9_R,0.0
Frontal_Inf_Orb_L <=> Rectus_R,0.0
Frontal_Inf_Orb_L <=> Rectus_L,0.0
Frontal_Inf_Orb_L <=> Frontal_Med_Orb_R,0.0
Frontal_Inf_Orb_L <=> Frontal_Med_Orb_L,0.0
Frontal_Inf_Orb_L <=> Frontal_Sup_Medial_R,0.0
Frontal_Inf_Orb_L <=> Frontal_Sup_Medial_L,0.0
Frontal_Inf_Orb_L <=> Olfactory_R,0.0
Frontal_Inf_Orb_L <=> Olfactory_L,0.0
Frontal_Inf_Orb_L <=> Supp_Motor_Area_R,0.0
Frontal_Inf_Orb_L <=> Supp_Motor_Area_L,0.0
Frontal_Inf_Orb_L <=> Rolandic_Oper_R,0.0
Frontal_Inf_Orb_L <=> Rolandic_Oper_L,0.0
Frontal_Inf_Orb_L <=> Frontal_Inf_Orb_R,0.0
Frontal_Inf_Tri_R <=> Vermis_10,0.0
Frontal_Inf_Tri_R <=> Vermis_9,0.0
Frontal_Inf_Tri_R <=> Vermis_8,0.0
Frontal_Inf_Tri_R <=> Vermis_7,0.0
Frontal_Inf_Tri_R <=> Vermis_6,0.0
Frontal_Inf_Tri_R <=> Vermis_4_5,0.0
Frontal_Inf_Tri_R <=> Vermis_3,0.0
Frontal_Inf_Tri_R <=> Vermis_1_2,0.0
Frontal_Inf_Tri_R <=> Cerebelum_10_R,0.0
Frontal_Inf_Tri_R <=> Cerebelum_10_L,0.0
Frontal_Inf_Orb_L <=> Temporal_Sup_R,0.0
Frontal_Inf_Orb_L <=> Temporal_Pole_Sup_L,0.0
Frontal_Inf_Orb_L <=> Temporal_Pole_Sup_R,0.0
Frontal_Inf_Orb_L <=> Temporal_Mid_L,0.0
Frontal_Inf_Orb_R <=> Parietal_Sup_R,0.0
Frontal_Inf_Orb_R <=> Parietal_Sup_L,0.0
Frontal_Inf_Orb_R <=> Postcentral_R,0.0
Frontal_Inf_Orb_R <=> Postcentral_L,0.0
Frontal_Inf_Orb_R <=> Fusiform_R,0.0
Frontal_Inf_Orb_R <=> Fusiform_L,0.0
Frontal_Inf_Orb_R <=> Occipital_Inf_R,0.0
Frontal_Inf_Orb_R <=> Occipital_Inf_L,0.0
Frontal_Inf_Orb_R <=> Occipital_Mid_R,0.0
Frontal_Inf_Orb_R <=> Occipital_Mid_L,0.0
Frontal_Inf_Orb_R <=> Parietal_Inf_L,0.0
Frontal_Inf_Orb_R <=> Occipital_Sup_R,0.0
Frontal_Inf_Orb_R <=> Lingual_R,0.0
Frontal_Inf_Orb_R <=> Lingual_L,0.0
Frontal_Inf_Orb_R <=> Cuneus_R,0.0
Frontal_Inf_Orb_R <=> Cuneus_L,0.0
Frontal_Inf_Orb_R <=> Calcarine_R,0.0
Frontal_Inf_Orb_R <=> Calcarine_L,0.0
Frontal_Inf_Orb_R <=> Amygdala_R,0.0
Frontal_Inf_Orb_R <=> Amygdala_L,0.0
Frontal_Inf_Orb_R <=> ParaHippocampal_R,0.0
Frontal_Inf_Orb_R <=> ParaHippocampal_L,0.0
Frontal_Inf_Orb_R <=> Occipital_Sup_L,0.0
Frontal_Inf_Orb_R <=> Parietal_Inf_R,0.0
Frontal_Inf_Orb_R <=> SupraMarginal_L,0.0
Frontal_Inf_Orb_R <=> SupraMarginal_R,0.0
Frontal_Inf_Orb_R <=> Temporal_Pole_Mid_L,0.0
Frontal_Inf_Orb_R <=> Temporal_Mid_R,0.0
Frontal_Inf_Orb_R <=> Temporal_Mid_L,0.0
Frontal_Inf_Orb_R <=> Temporal_Pole_Sup_R,0.0
Frontal_Inf_Orb_R <=> Temporal_Pole_Sup_L,0.0
Frontal_Inf_Orb_R <=> Temporal_Sup_R,0.0
Frontal_Inf_Orb_R <=> Temporal_Sup_L,0.0
Frontal_Inf_Orb_R <=> Heschl_R,0.0
Frontal_Inf_Orb_R <=> Heschl_L,0.0
Frontal_Inf_Orb_R <=> Thalamus_R,0.0
Frontal_Inf_Orb_R <=> Thalamus_L,0.0
Frontal_Inf_Orb_R <=> Pallidum_R,0.0
Frontal_Inf_Orb_R <=> Pallidum_L,0.0
Frontal_Inf_Orb_R <=> Putamen_R,0.0
Frontal_Inf_Orb_R <=> Putamen_L,0.0
Frontal_Inf_Orb_R <=> Caudate_R,0.0
Frontal_Inf_Orb_R <=> Caudate_L,0.0
Frontal_Inf_Orb_R <=> Paracentral_Lobule_R,0.0
Frontal_Inf_Orb_R <=> Paracentral_Lobule_L,0.0
Frontal_Inf_Orb_R <=> Precuneus_R,0.0
Frontal_Inf_Orb_R <=> Precuneus_L,0.0
Frontal_Inf_Orb_R <=> Angular_R,0.0
Frontal_Inf_Orb_R <=> Angular_L,0.0
Frontal_Inf_Orb_R <=> Hippocampus_R,0.0
Frontal_Inf_Tri_R <=> Heschl_R,0.0
Frontal_Inf_Orb_R <=> Hippocampus_L,0.0
Frontal_Inf_Orb_R <=> Cingulum_Post_L,0.0
Frontal_Inf_Orb_L <=> Cerebelum_10_L,0.0
Frontal_Inf_Orb_L <=> Cerebelum_9_R,0.0
Frontal_Inf_Orb_L <=> Cerebelum_9_L,0.0
Frontal_Inf_Orb_L <=> Cerebelum_8_R,0.0
Frontal_Inf_Orb_L <=> Cerebelum_8_L,0.0
Frontal_Inf_Orb_L <=> Cerebelum_7b_R,0.0
Frontal_Inf_Orb_L <=> Cerebelum_7b_L,0.0
Frontal_Inf_Orb_L <=> Cerebelum_6_R,0.0
Frontal_Inf_Orb_L <=> Cerebelum_6_L,0.0
Frontal_Inf_Orb_L <=> Cerebelum_4_5_R,0.0
Frontal_Inf_Orb_L <=> Cerebelum_10_R,0.0
Frontal_Inf_Orb_L <=> Cerebelum_4_5_L,0.0
Frontal_Inf_Orb_L <=> Cerebelum_3_L,0.0
Frontal_Inf_Orb_L <=> Cerebelum_Crus2_R,0.0
Frontal_Inf_Orb_L <=> Cerebelum_Crus2_L,0.0
Frontal_Inf_Orb_L <=> Cerebelum_Crus1_R,0.0
Frontal_Inf_Orb_L <=> Cerebelum_Crus1_L,0.0
Frontal_Inf_Orb_L <=> Temporal_Inf_R,0.0
Frontal_Inf_Orb_L <=> Temporal_Inf_L,0.0
Frontal_Inf_Orb_L <=> Temporal_Pole_Mid_R,0.0
Frontal_Inf_Orb_L <=> Temporal_Pole_Mid_L,0.0
Frontal_Inf_Orb_L <=> Temporal_Mid_R,0.0
Frontal_Inf_Orb_L <=> Cerebelum_3_R,0.0
Frontal_Inf_Orb_L <=> Vermis_1_2,0.0
Frontal_Inf_Orb_L <=> Vermis_3,0.0
Frontal_Inf_Orb_L <=> Vermis_4_5,0.0
Frontal_Inf_Orb_R <=> Cingulum_Mid_R,0.0
Frontal_Inf_Orb_R <=> Cingulum_Mid_L,0.0
Frontal_Inf_Orb_R <=> Cingulum_Ant_R,0.0
Frontal_Inf_Orb_R <=> Cingulum_Ant_L,0.0
Frontal_Inf_Orb_R <=> Insula_R,0.0
Frontal_Inf_Orb_R <=> Insula_L,0.0
Frontal_Inf_Orb_R <=> Rectus_R,0.0
Frontal_Inf_Orb_R <=> Rectus_L,0.0
Frontal_Inf_Orb_R <=> Frontal_Med_Orb_R,0.0
Frontal_Inf_Orb_R <=> Frontal_Med_Orb_L,0.0
Frontal_Inf_Orb_R <=> Frontal_Sup_Medial_R,0.0
Frontal_Inf_Orb_R <=> Frontal_Sup_Medial_L,0.0
Frontal_Inf_Orb_R <=> Olfactory_R,0.0
Frontal_Inf_Orb_R <=> Olfactory_L,0.0
Frontal_Inf_Orb_R <=> Supp_Motor_Area_R,0.0
Frontal_Inf_Orb_R <=> Supp_Motor_Area_L,0.0
Frontal_Inf_Orb_R <=> Rolandic_Oper_R,0.0
Frontal_Inf_Orb_R <=> Rolandic_Oper_L,0.0
Frontal_Inf_Orb_L <=> Vermis_10,0.0
Frontal_Inf_Orb_L <=> Vermis_9,0.0
Frontal_Inf_Orb_L <=> Vermis_8,0.0
Frontal_Inf_Orb_L <=> Vermis_7,0.0
Frontal_Inf_Orb_L <=> Vermis_6,0.0
Frontal_Inf_Orb_R <=> Cingulum_Post_R,0.0
Frontal_Inf_Tri_R <=> Heschl_L,0.0
Frontal_Inf_Tri_R <=> Thalamus_R,0.0
Frontal_Inf_Tri_R <=> Thalamus_L,0.0
Frontal_Inf_Tri_L <=> Cuneus_L,0.0
Frontal_Inf_Tri_L <=> Calcarine_R,0.0
Frontal_Inf_Tri_L <=> Calcarine_L,0.0
Frontal_Inf_Tri_L <=> Amygdala_R,0.0
Frontal_Inf_Tri_L <=> Amygdala_L,0.0
Frontal_Inf_Tri_L <=> ParaHippocampal_R,0.0
Frontal_Inf_Tri_L <=> ParaHippocampal_L,0.0
Frontal_Inf_Tri_L <=> Hippocampus_R,0.0
Frontal_Inf_Tri_L <=> Hippocampus_L,0.0
Frontal_Inf_Tri_L <=> Cingulum_Post_R,0.0
Frontal_Inf_Tri_L <=> Cuneus_R,0.0
Frontal_Inf_Tri_L <=> Cingulum_Post_L,0.0
Frontal_Inf_Tri_L <=> Cingulum_Mid_L,0.0
Frontal_Inf_Tri_L <=> Cingulum_Ant_R,0.0
Frontal_Inf_Tri_L <=> Cingulum_Ant_L,0.0
Frontal_Inf_Tri_L <=> Insula_R,0.0
Frontal_Inf_Tri_L <=> Insula_L,0.0
Frontal_Inf_Tri_L <=> Rectus_R,0.0
Frontal_Inf_Tri_L <=> Rectus_L,0.0
Frontal_Inf_Tri_L <=> Frontal_Med_Orb_R,0.0
Frontal_Inf_Tri_L <=> Frontal_Med_Orb_L,0.0
Frontal_Inf_Tri_L <=> Frontal_Sup_Medial_R,0.0
Frontal_Inf_Tri_L <=> Cingulum_Mid_R,0.0
Frontal_Inf_Tri_L <=> Lingual_L,0.0
Frontal_Inf_Tri_L <=> Lingual_R,0.0
Frontal_Inf_Tri_L <=> Occipital_Sup_L,0.0
Frontal_Inf_Tri_L <=> Caudate_R,0.0
Frontal_Inf_Tri_L <=> Caudate_L,0.0
Frontal_Inf_Tri_L <=> Paracentral_Lobule_R,0.0
Frontal_Inf_Tri_L <=> Paracentral_Lobule_L,0.0
Frontal_Inf_Tri_L <=> Precuneus_R,0.0
Frontal_Inf_Tri_L <=> Precuneus_L,0.0
Frontal_Inf_Tri_L <=> Angular_R,0.0
Frontal_Inf_Tri_L <=> Angular_L,0.0
Frontal_Inf_Tri_L <=> SupraMarginal_R,0.0
Frontal_Inf_Tri_L <=> SupraMarginal_L,0.0
Frontal_Inf_Tri_L <=> Parietal_Inf_R,0.0
Frontal_Inf_Tri_L <=> Parietal_Inf_L,0.0
Frontal_Inf_Tri_L <=> Parietal_Sup_R,0.0
Frontal_Inf_Tri_L <=> Parietal_Sup_L,0.0
Frontal_Inf_Tri_L <=> Postcentral_R,0.0
Frontal_Inf_Tri_L <=> Postcentral_L,0.0
Frontal_Inf_Tri_L <=> Fusiform_R,0.0
Frontal_Inf_Tri_L <=> Fusiform_L,0.0
Frontal_Inf_Tri_L <=> Occipital_Inf_R,0.0
Frontal_Inf_Tri_L <=> Occipital_Inf_L,0.0
Frontal_Inf_Tri_L <=> Occipital_Mid_R,0.0
Frontal_Inf_Tri_L <=> Occipital_Mid_L,0.0
Frontal_Inf_Tri_L <=> Occipital_Sup_R,0.0
Frontal_Inf_Tri_L <=> Frontal_Sup_Medial_L,0.0
Frontal_Inf_Tri_L <=> Putamen_L,0.0
Frontal_Inf_Tri_L <=> Olfactory_R,0.0
Frontal_Inf_Tri_L <=> Supp_Motor_Area_R,0.0
Frontal_Inf_Oper_R <=> Cerebelum_Crus2_R,0.0
Frontal_Inf_Oper_R <=> Cerebelum_Crus2_L,0.0
Frontal_Inf_Oper_R <=> Cerebelum_Crus1_R,0.0
Frontal_Inf_Oper_R <=> Cerebelum_Crus1_L,0.0
Frontal_Inf_Oper_R <=> Temporal_Inf_R,0.0
Frontal_Inf_Oper_R <=> Temporal_Inf_L,0.0
Frontal_Inf_Oper_R <=> Temporal_Pole_Mid_R,0.0
Frontal_Inf_Oper_R <=> Temporal_Pole_Mid_L,0.0
Frontal_Inf_Oper_R <=> Temporal_Mid_R,0.0
Frontal_Inf_Oper_R <=> Temporal_Mid_L,0.0
Frontal_Inf_Oper_R <=> Cerebelum_3_L,0.0
Frontal_Inf_Oper_R <=> Temporal_Pole_Sup_R,0.0
Frontal_Inf_Oper_R <=> Temporal_Sup_R,0.0
Frontal_Inf_Oper_R <=> Temporal_Sup_L,0.0
Frontal_Inf_Oper_R <=> Heschl_R,0.0
Frontal_Inf_Oper_R <=> Heschl_L,0.0
Frontal_Inf_Oper_R <=> Thalamus_R,0.0
Frontal_Inf_Oper_R <=> Thalamus_L,0.0
Frontal_Inf_Oper_R <=> Pallidum_R,0.0
Frontal_Inf_Oper_R <=> Pallidum_L,0.0
Frontal_Inf_Oper_R <=> Putamen_R,0.0
Frontal_Inf_Oper_R <=> Putamen_L,0.0
Frontal_Inf_Oper_R <=> Temporal_Pole_Sup_L,0.0
Frontal_Inf_Oper_R <=> Cerebelum_3_R,0.0
Frontal_Inf_Oper_R <=> Cerebelum_4_5_L,0.0
Frontal_Inf_Oper_R <=> Cerebelum_4_5_R,0.0
Frontal_Inf_Tri_L <=> Supp_Motor_Area_L,0.0
Frontal_Inf_Tri_L <=> Rolandic_Oper_R,0.0
Frontal_Inf_Tri_L <=> Rolandic_Oper_L,0.0
Frontal_Inf_Tri_L <=> Frontal_Inf_Orb_R,0.0
Frontal_Inf_Tri_L <=> Frontal_Inf_Orb_L,0.0
Frontal_Inf_Tri_L <=> Frontal_Inf_Tri_R,0.0
Frontal_Inf_Oper_R <=> Vermis_10,0.0
Frontal_Inf_Oper_R <=> Vermis_9,0.0
Frontal_Inf_Oper_R <=> Vermis_8,0.0
Frontal_Inf_Oper_R <=> Vermis_7,0.0
Frontal_Inf_Oper_R <=> Vermis_6,0.0
Frontal_Inf_Oper_R <=> Vermis_4_5,0.0
Frontal_Inf_Oper_R <=> Vermis_3,0.0
Frontal_Inf_Oper_R <=> Vermis_1_2,0.0
Frontal_Inf_Oper_R <=> Cerebelum_10_R,0.0
Frontal_Inf_Oper_R <=> Cerebelum_10_L,0.0
Frontal_Inf_Oper_R <=> Cerebelum_9_R,0.0
Frontal_Inf_Oper_R <=> Cerebelum_9_L,0.0
Frontal_Inf_Oper_R <=> Cerebelum_8_R,0.0
Frontal_Inf_Oper_R <=> Cerebelum_7b_R,0.0
Frontal_Inf_Oper_R <=> Cerebelum_7b_L,0.0
Frontal_Inf_Oper_R <=> Cerebelum_6_R,0.0
Frontal_Inf_Oper_R <=> Cerebelum_6_L,0.0
Frontal_Inf_Tri_L <=> Olfactory_L,0.0
Frontal_Mid_R <=> Caudate_L,0.0
Frontal_Inf_Tri_L <=> Putamen_R,0.0
Frontal_Inf_Tri_L <=> Pallidum_R,0.0
Frontal_Inf_Tri_R <=> Occipital_Sup_L,0.0
Frontal_Inf_Tri_R <=> Lingual_R,0.0
Frontal_Inf_Tri_R <=> Lingual_L,0.0
Frontal_Inf_Tri_R <=> Cuneus_R,0.0
Frontal_Inf_Tri_R <=> Cuneus_L,0.0
Frontal_Inf_Tri_R <=> Calcarine_R,0.0
Frontal_Inf_Tri_R <=> Calcarine_L,0.0
Frontal_Inf_Tri_R <=> Amygdala_R,0.0
Frontal_Inf_Tri_R <=> Amygdala_L,0.0
Frontal_Inf_Tri_R <=> ParaHippocampal_R,0.0
Frontal_Inf_Tri_R <=> Occipital_Sup_R,0.0
Frontal_Inf_Tri_R <=> ParaHippocampal_L,0.0
Frontal_Inf_Tri_R <=> Hippocampus_L,0.0
Frontal_Inf_Tri_R <=> Cingulum_Post_R,0.0
Frontal_Inf_Tri_R <=> Cingulum_Post_L,0.0
Frontal_Inf_Tri_R <=> Cingulum_Mid_R,0.0
Frontal_Inf_Tri_R <=> Cingulum_Mid_L,0.0
Frontal_Inf_Tri_R <=> Cingulum_Ant_R,0.0
Frontal_Inf_Tri_R <=> Cingulum_Ant_L,0.0
Frontal_Inf_Tri_R <=> Insula_R,0.0
Frontal_Inf_Tri_R <=> Insula_L,0.0
Frontal_Inf_Tri_R <=> Rectus_R,0.0
Frontal_Inf_Tri_R <=> Hippocampus_R,0.0
Frontal_Inf_Tri_R <=> Occipital_Mid_L,0.0
Frontal_Inf_Tri_R <=> Occipital_Mid_R,0.0
Frontal_Inf_Tri_R <=> Occipital_Inf_L,0.0
Frontal_Inf_Tri_R <=> Pallidum_R,0.0
Frontal_Inf_Tri_R <=> Pallidum_L,0.0
Frontal_Inf_Tri_R <=> Putamen_R,0.0
Frontal_Inf_Tri_R <=> Putamen_L,0.0
Frontal_Inf_Tri_R <=> Caudate_R,0.0
Frontal_Inf_Tri_R <=> Caudate_L,0.0
Frontal_Inf_Tri_R <=> Paracentral_Lobule_R,0.0
Frontal_Inf_Tri_R <=> Paracentral_Lobule_L,0.0
Frontal_Inf_Tri_R <=> Precuneus_R,0.0
Frontal_Inf_Tri_R <=> Precuneus_L,0.0
Frontal_Inf_Tri_R <=> Angular_R,0.0
Frontal_Inf_Tri_R <=> Angular_L,0.0
Frontal_Inf_Tri_R <=> SupraMarginal_R,0.0
Frontal_Inf_Tri_R <=> SupraMarginal_L,0.0
Frontal_Inf_Tri_R <=> Parietal_Inf_R,0.0
Frontal_Inf_Tri_R <=> Parietal_Inf_L,0.0
Frontal_Inf_Tri_R <=> Parietal_Sup_R,0.0
Frontal_Inf_Tri_R <=> Parietal_Sup_L,0.0
Frontal_Inf_Tri_R <=> Postcentral_R,0.0
Frontal_Inf_Tri_R <=> Postcentral_L,0.0
Frontal_Inf_Tri_R <=> Fusiform_R,0.0
Frontal_Inf_Tri_R <=> Fusiform_L,0.0
Frontal_Inf_Tri_R <=> Occipital_Inf_R,0.0
Frontal_Inf_Tri_R <=> Rectus_L,0.0
Frontal_Inf_Tri_L <=> Pallidum_L,0.0
Frontal_Inf_Tri_R <=> Frontal_Med_Orb_R,0.0
Frontal_Inf_Tri_R <=> Frontal_Sup_Medial_R,0.0
Frontal_Inf_Tri_L <=> Cerebelum_4_5_R,0.0
Frontal_Inf_Tri_L <=> Cerebelum_4_5_L,0.0
Frontal_Inf_Tri_L <=> Cerebelum_3_R,0.0
Frontal_Inf_Tri_L <=> Cerebelum_3_L,0.0
Frontal_Inf_Tri_L <=> Cerebelum_Crus2_R,0.0
Frontal_Inf_Tri_L <=> Cerebelum_Crus2_L,0.0
Frontal_Inf_Tri_L <=> Cerebelum_Crus1_R,0.0
Frontal_Inf_Tri_L <=> Cerebelum_Crus1_L,0.0
Frontal_Inf_Tri_L <=> Temporal_Inf_R,0.0
Frontal_Inf_Tri_L <=> Temporal_Inf_L,0.0
Frontal_Inf_Tri_L <=> Cerebelum_6_L,0.0
Frontal_Inf_Tri_L <=> Temporal_Pole_Mid_R,0.0
Frontal_Inf_Tri_L <=> Temporal_Mid_R,0.0
Frontal_Inf_Tri_L <=> Temporal_Mid_L,0.0
Frontal_Inf_Tri_L <=> Temporal_Pole_Sup_R,0.0
Frontal_Inf_Tri_L <=> Temporal_Pole_Sup_L,0.0
Frontal_Inf_Tri_L <=> Temporal_Sup_R,0.0
Frontal_Inf_Tri_L <=> Temporal_Sup_L,0.0
Frontal_Inf_Tri_L <=> Heschl_R,0.0
Frontal_Inf_Tri_L <=> Heschl_L,0.0
Frontal_Inf_Tri_L <=> Thalamus_R,0.0
Frontal_Inf_Tri_L <=> Thalamus_L,0.0
Frontal_Inf_Tri_L <=> Temporal_Pole_Mid_L,0.0
Frontal_Inf_Tri_L <=> Cerebelum_6_R,0.0
Frontal_Inf_Tri_L <=> Cerebelum_7b_L,0.0
Frontal_Inf_Tri_L <=> Cerebelum_7b_R,0.0
Frontal_Inf_Tri_R <=> Frontal_Sup_Medial_L,0.0
Frontal_Inf_Tri_R <=> Olfactory_R,0.0
Frontal_Inf_Tri_R <=> Olfactory_L,0.0
Frontal_Inf_Tri_R <=> Supp_Motor_Area_R,0.0
Frontal_Inf_Tri_R <=> Supp_Motor_Area_L,0.0
Frontal_Inf_Tri_R <=> Rolandic_Oper_R,0.0
Frontal_Inf_Tri_R <=> Rolandic_Oper_L,0.0
Frontal_Inf_Tri_R <=> Frontal_Inf_Orb_R,0.0
Frontal_Inf_Tri_R <=> Frontal_Inf_Orb_L,0.0
Frontal_Inf_Tri_L <=> Vermis_10,0.0
Frontal_Inf_Tri_L <=> Vermis_9,0.0
Frontal_Inf_Tri_L <=> Vermis_8,0.0
Frontal_Inf_Tri_L <=> Vermis_7,0.0
Frontal_Inf_Tri_L <=> Vermis_6,0.0
Frontal_Inf_Tri_L <=> Vermis_4_5,0.0
Frontal_Inf_Tri_L <=> Vermis_3,0.0
Frontal_Inf_Tri_L <=> Vermis_1_2,0.0
Frontal_Inf_Tri_L <=> Cerebelum_10_R,0.0
Frontal_Inf_Tri_L <=> Cerebelum_10_L,0.0
Frontal_Inf_Tri_L <=> Cerebelum_9_R,0.0
Frontal_Inf_Tri_L <=> Cerebelum_9_L,0.0
Frontal_Inf_Tri_L <=> Cerebelum_8_R,0.0
Frontal_Inf_Tri_L <=> Cerebelum_8_L,0.0
Frontal_Inf_Tri_R <=> Frontal_Med_Orb_L,0.0
Frontal_Mid_R <=> Paracentral_Lobule_R,0.0
Frontal_Mid_R <=> Paracentral_Lobule_L,0.0
Frontal_Mid_R <=> Precuneus_R,0.0
Frontal_Sup_L <=> Parietal_Inf_R,0.0
Frontal_Sup_L <=> Parietal_Inf_L,0.0
Frontal_Sup_L <=> Parietal_Sup_R,0.0
Frontal_Sup_L <=> Parietal_Sup_L,0.0
Frontal_Sup_L <=> Postcentral_R,0.0
Frontal_Sup_L <=> Postcentral_L,0.0
Frontal_Sup_L <=> Fusiform_R,0.0
Frontal_Sup_L <=> Fusiform_L,0.0
Frontal_Sup_L <=> Occipital_Inf_R,0.0
Frontal_Sup_L <=> Occipital_Inf_L,0.0
Frontal_Sup_L <=> SupraMarginal_L,0.0
Frontal_Sup_L <=> Occipital_Mid_R,0.0
Frontal_Sup_L <=> Occipital_Sup_R,0.0
Frontal_Sup_L <=> Occipital_Sup_L,0.0
Frontal_Sup_L <=> Lingual_R,0.0
Frontal_Sup_L <=> Lingual_L,0.0
Frontal_Sup_L <=> Cuneus_R,0.0
Frontal_Sup_L <=> Cuneus_L,0.0
Frontal_Sup_L <=> Calcarine_R,0.0
Frontal_Sup_L <=> Calcarine_L,0.0
Frontal_Sup_L <=> Amygdala_R,0.0
Frontal_Sup_L <=> Amygdala_L,0.0
Frontal_Sup_L <=> Occipital_Mid_L,0.0
Frontal_Sup_L <=> ParaHippocampal_R,0.0
Frontal_Sup_L <=> SupraMarginal_R,0.0
Frontal_Sup_L <=> Angular_R,0.0
Frontal_Sup_L <=> Temporal_Pole_Mid_R,0.0
Frontal_Sup_L <=> Temporal_Pole_Mid_L,0.0
Frontal_Sup_L <=> Temporal_Mid_R,0.0
Frontal_Sup_L <=> Temporal_Mid_L,0.0
Frontal_Sup_L <=> Temporal_Pole_Sup_R,0.0
Frontal_Sup_L <=> Temporal_Pole_Sup_L,0.0
Frontal_Sup_L <=> Temporal_Sup_R,0.0
Frontal_Sup_L <=> Temporal_Sup_L,0.0
Frontal_Sup_L <=> Heschl_R,0.0
Frontal_Sup_L <=> Heschl_L,0.0
Frontal_Sup_L <=> Angular_L,0.0
Frontal_Sup_L <=> Thalamus_R,0.0
Frontal_Sup_L <=> Pallidum_R,0.0
Frontal_Sup_L <=> Pallidum_L,0.0
Frontal_Sup_L <=> Putamen_R,0.0
Frontal_Sup_L <=> Putamen_L,0.0
Frontal_Sup_L <=> Caudate_R,0.0
Frontal_Sup_L <=> Caudate_L,0.0
Frontal_Sup_L <=> Paracentral_Lobule_R,0.0
Frontal_Sup_L <=> Paracentral_Lobule_L,0.0
Frontal_Sup_L <=> Precuneus_R,0.0
Frontal_Sup_L <=> Precuneus_L,0.0
Frontal_Sup_L <=> Thalamus_L,0.0
Frontal_Sup_L <=> ParaHippocampal_L,0.0
Frontal_Sup_L <=> Hippocampus_R,0.0
Frontal_Sup_L <=> Hippocampus_L,0.0
Frontal_Sup_L <=> Frontal_Mid_Orb_L,0.0
Frontal_Sup_L <=> Frontal_Mid_R,0.0
Frontal_Sup_L <=> Frontal_Mid_L,0.0
Frontal_Sup_L <=> Frontal_Sup_Orb_R,0.0
Frontal_Sup_L <=> Frontal_Sup_Orb_L,0.0
Frontal_Sup_L <=> Frontal_Sup_R,0.0
Precentral_R <=> Vermis_10,0.0
Precentral_R <=> Vermis_9,0.0
Precentral_R <=> Vermis_8,0.0
Precentral_R <=> Vermis_7,0.0
Frontal_Sup_L <=> Frontal_Mid_Orb_R,0.0
Precentral_R <=> Vermis_6,0.0
Precentral_R <=> Vermis_3,0.0
Precentral_R <=> Vermis_1_2,0.0
Precentral_R <=> Cerebelum_10_R,0.0
Precentral_R <=> Cerebelum_10_L,0.0
Precentral_R <=> Cerebelum_9_R,0.0
Precentral_R <=> Cerebelum_9_L,0.0
Precentral_R <=> Cerebelum_8_R,0.0
Precentral_R <=> Cerebelum_8_L,0.0
Precentral_R <=> Cerebelum_7b_R,0.0
Precentral_R <=> Cerebelum_7b_L,0.0
Precentral_R <=> Vermis_4_5,0.0
Frontal_Sup_L <=> Frontal_Inf_Oper_L,0.0
Frontal_Sup_L <=> Frontal_Inf_Oper_R,0.0
Frontal_Sup_L <=> Frontal_Inf_Tri_L,0.0
Frontal_Sup_L <=> Cingulum_Post_R,0.0
Frontal_Sup_L <=> Cingulum_Post_L,0.0
Frontal_Sup_L <=> Cingulum_Mid_R,0.0
Frontal_Sup_L <=> Cingulum_Mid_L,0.0
Frontal_Sup_L <=> Cingulum_Ant_R,0.0
Frontal_Sup_L <=> Cingulum_Ant_L,0.0
Frontal_Sup_L <=> Insula_R,0.0
Frontal_Sup_L <=> Insula_L,0.0
Frontal_Sup_L <=> Rectus_R,0.0
Frontal_Sup_L <=> Rectus_L,0.0
Frontal_Sup_L <=> Frontal_Med_Orb_R,0.0
Frontal_Sup_L <=> Frontal_Med_Orb_L,0.0
Frontal_Sup_L <=> Frontal_Sup_Medial_R,0.0
Frontal_Sup_L <=> Frontal_Sup_Medial_L,0.0
Frontal_Sup_L <=> Olfactory_R,0.0
Frontal_Sup_L <=> Olfactory_L,0.0
Frontal_Sup_L <=> Supp_Motor_Area_R,0.0
Frontal_Sup_L <=> Supp_Motor_Area_L,0.0
Frontal_Sup_L <=> Rolandic_Oper_R,0.0
Frontal_Sup_L <=> Rolandic_Oper_L,0.0
Frontal_Sup_L <=> Frontal_Inf_Orb_R,0.0
Frontal_Sup_L <=> Frontal_Inf_Orb_L,0.0
Frontal_Sup_L <=> Frontal_Inf_Tri_R,0.0
Frontal_Sup_L <=> Temporal_Inf_L,0.0
Frontal_Sup_L <=> Temporal_Inf_R,0.0
Frontal_Sup_L <=> Cerebelum_Crus1_L,0.0
Frontal_Sup_L <=> Cerebelum_Crus1_R,0.0
Frontal_Sup_R <=> Fusiform_L,0.0
Frontal_Sup_R <=> Occipital_Inf_R,0.0
Frontal_Sup_R <=> Occipital_Inf_L,0.0
Frontal_Sup_R <=> Occipital_Mid_R,0.0
Frontal_Sup_R <=> Occipital_Mid_L,0.0
Frontal_Sup_R <=> Occipital_Sup_R,0.0
Frontal_Sup_R <=> Occipital_Sup_L,0.0
Frontal_Sup_R <=> Lingual_R,0.0
Frontal_Sup_R <=> Lingual_L,0.0
Frontal_Sup_R <=> Cuneus_R,0.0
Frontal_Sup_R <=> Fusiform_R,0.0
Frontal_Sup_R <=> Cuneus_L,0.0
Frontal_Sup_R <=> Calcarine_L,0.0
Frontal_Sup_R <=> Amygdala_R,0.0
Frontal_Sup_R <=> Amygdala_L,0.0
Frontal_Sup_R <=> ParaHippocampal_R,0.0
Frontal_Sup_R <=> ParaHippocampal_L,0.0
Frontal_Sup_R <=> Hippocampus_R,0.0
Frontal_Sup_R <=> Hippocampus_L,0.0
Frontal_Sup_R <=> Cingulum_Post_R,0.0
Frontal_Sup_R <=> Cingulum_Post_L,0.0
Frontal_Sup_R <=> Cingulum_Mid_R,0.0
Frontal_Sup_R <=> Calcarine_R,0.0
Frontal_Sup_R <=> Postcentral_L,0.0
Frontal_Sup_R <=> Postcentral_R,0.0
Frontal_Sup_R <=> Parietal_Sup_L,0.0
Frontal_Sup_R <=> Temporal_Sup_R,0.0
Frontal_Sup_R <=> Temporal_Sup_L,0.0
Frontal_Sup_R <=> Heschl_R,0.0
Frontal_Sup_R <=> Heschl_L,0.0
Frontal_Sup_R <=> Thalamus_R,0.0
Frontal_Sup_R <=> Thalamus_L,0.0
Frontal_Sup_R <=> Pallidum_R,0.0
Frontal_Sup_R <=> Pallidum_L,0.0
Frontal_Sup_R <=> Putamen_R,0.0
Frontal_Sup_R <=> Putamen_L,0.0
Frontal_Sup_R <=> Caudate_R,0.0
Frontal_Sup_R <=> Caudate_L,0.0
Frontal_Sup_R <=> Paracentral_Lobule_R,0.0
Frontal_Sup_R <=> Paracentral_Lobule_L,0.0
Frontal_Sup_R <=> Precuneus_R,0.0
Frontal_Sup_R <=> Precuneus_L,0.0
Frontal_Sup_R <=> Angular_R,0.0
Frontal_Sup_R <=> Angular_L,0.0
Frontal_Sup_R <=> SupraMarginal_R,0.0
Frontal_Sup_R <=> SupraMarginal_L,0.0
Frontal_Sup_R <=> Parietal_Inf_R,0.0
Frontal_Sup_R <=> Parietal_Inf_L,0.0
Frontal_Sup_R <=> Parietal_Sup_R,0.0
Frontal_Sup_R <=> Cingulum_Mid_L,0.0
Precentral_R <=> Cerebelum_6_R,0.0
Frontal_Sup_R <=> Cingulum_Ant_R,0.0
Frontal_Sup_R <=> Insula_R,0.0
Frontal_Sup_L <=> Vermis_8,0.0
Frontal_Sup_L <=> Vermis_7,0.0
Frontal_Sup_L <=> Vermis_6,0.0
Frontal_Sup_L <=> Vermis_4_5,0.0
Frontal_Sup_L <=> Vermis_3,0.0
Frontal_Sup_L <=> Vermis_1_2,0.0
Frontal_Sup_L <=> Cerebelum_10_R,0.0
Frontal_Sup_L <=> Cerebelum_10_L,0.0
Frontal_Sup_L <=> Cerebelum_9_R,0.0
Frontal_Sup_L <=> Cerebelum_9_L,0.0
Frontal_Sup_L <=> Vermis_9,0.0
Frontal_Sup_L <=> Cerebelum_8_R,0.0
Frontal_Sup_L <=> Cerebelum_7b_R,0.0
Frontal_Sup_L <=> Cerebelum_7b_L,0.0
Frontal_Sup_L <=> Cerebelum_6_R,0.0
Frontal_Sup_L <=> Cerebelum_6_L,0.0
Frontal_Sup_L <=> Cerebelum_4_5_R,0.0
Frontal_Sup_L <=> Cerebelum_4_5_L,0.0
Frontal_Sup_L <=> Cerebelum_3_R,0.0
Frontal_Sup_L <=> Cerebelum_3_L,0.0
Frontal_Sup_L <=> Cerebelum_Crus2_R,0.0
Frontal_Sup_L <=> Cerebelum_Crus2_L,0.0
Frontal_Sup_L <=> Cerebelum_8_L,0.0
Frontal_Sup_L <=> Vermis_10,0.0
Frontal_Sup_R <=> Frontal_Sup_Orb_L,0.0
Frontal_Sup_R <=> Frontal_Sup_Orb_R,0.0
Frontal_Sup_R <=> Insula_L,0.0
Frontal_Sup_R <=> Rectus_R,0.0
Frontal_Sup_R <=> Rectus_L,0.0
Frontal_Sup_R <=> Frontal_Med_Orb_R,0.0
Frontal_Sup_R <=> Frontal_Med_Orb_L,0.0
Frontal_Sup_R <=> Frontal_Sup_Medial_R,0.0
Frontal_Sup_R <=> Frontal_Sup_Medial_L,0.0
Frontal_Sup_R <=> Olfactory_R,0.0
Frontal_Sup_R <=> Olfactory_L,0.0
Frontal_Sup_R <=> Supp_Motor_Area_R,0.0
Frontal_Sup_R <=> Supp_Motor_Area_L,0.0
Frontal_Sup_R <=> Rolandic_Oper_R,0.0
Frontal_Sup_R <=> Rolandic_Oper_L,0.0
Frontal_Sup_R <=> Frontal_Inf_Orb_R,0.0
Frontal_Sup_R <=> Frontal_Inf_Orb_L,0.0
Frontal_Sup_R <=> Frontal_Inf_Tri_R,0.0
Frontal_Sup_R <=> Frontal_Inf_Tri_L,0.0
Frontal_Sup_R <=> Frontal_Inf_Oper_R,0.0
Frontal_Sup_R <=> Frontal_Inf_Oper_L,0.0
Frontal_Sup_R <=> Frontal_Mid_Orb_R,0.0
Frontal_Sup_R <=> Frontal_Mid_Orb_L,0.0
Frontal_Sup_R <=> Frontal_Mid_R,0.0
Frontal_Sup_R <=> Frontal_Mid_L,0.0
Frontal_Sup_R <=> Cingulum_Ant_L,0.0
Precentral_R <=> Cerebelum_6_L,0.0
Precentral_R <=> Cerebelum_4_5_R,0.0
Precentral_R <=> Cerebelum_4_5_L,0.0
Precentral_L <=> Thalamus_L,0.0
Precentral_L <=> Pallidum_R,0.0
Precentral_L <=> Pallidum_L,0.0
Precentral_L <=> Putamen_R,0.0
Precentral_L <=> Putamen_L,0.0
Precentral_L <=> Caudate_R,0.0
Precentral_L <=> Caudate_L,0.0
Precentral_L <=> Paracentral_Lobule_R,0.0
Precentral_L <=> Paracentral_Lobule_L,0.0
Precentral_L <=> Precuneus_R,0.0
Precentral_L <=> Thalamus_R,0.0
Precentral_L <=> Precuneus_L,0.0
Precentral_L <=> Angular_L,0.0
Precentral_L <=> SupraMarginal_R,0.0
Precentral_L <=> SupraMarginal_L,0.0
Precentral_L <=> Parietal_Inf_R,0.0
Precentral_L <=> Parietal_Inf_L,0.0
Precentral_L <=> Parietal_Sup_R,0.0
Precentral_L <=> Parietal_Sup_L,0.0
Precentral_L <=> Postcentral_R,0.0
Precentral_L <=> Postcentral_L,0.0
Precentral_L <=> Fusiform_R,0.0
Precentral_L <=> Angular_R,0.0
Precentral_L <=> Heschl_L,0.0
Precentral_L <=> Heschl_R,0.0
Precentral_L <=> Temporal_Sup_L,0.0
Precentral_L <=> Cerebelum_8_R,0.0
Precentral_L <=> Cerebelum_8_L,0.0
Precentral_L <=> Cerebelum_7b_R,0.0
Precentral_L <=> Cerebelum_7b_L,0.0
Precentral_L <=> Cerebelum_6_R,0.0
Precentral_L <=> Cerebelum_6_L,0.0
Precentral_L <=> Cerebelum_4_5_R,0.0
Precentral_L <=> Cerebelum_4_5_L,0.0
Precentral_L <=> Cerebelum_3_R,0.0
Precentral_L <=> Cerebelum_3_L,0.0
Precentral_L <=> Cerebelum_Crus2_R,0.0
Precentral_L <=> Cerebelum_Crus2_L,0.0
Precentral_L <=> Cerebelum_Crus1_R,0.0
Precentral_L <=> Cerebelum_Crus1_L,0.0
Precentral_L <=> Temporal_Inf_R,0.0
Precentral_L <=> Temporal_Inf_L,0.0
Precentral_L <=> Temporal_Pole_Mid_R,0.0
Precentral_L <=> Temporal_Pole_Mid_L,0.0
Precentral_L <=> Temporal_Mid_R,0.0
Precentral_L <=> Temporal_Mid_L,0.0
Precentral_L <=> Temporal_Pole_Sup_R,0.0
Precentral_L <=> Temporal_Pole_Sup_L,0.0
Precentral_L <=> Temporal_Sup_R,0.0
Precentral_L <=> Fusiform_L,0.0
Precentral_L <=> Cerebelum_9_L,0.0
Precentral_L <=> Occipital_Inf_R,0.0
Precentral_L <=> Occipital_Mid_R,0.0
Precentral_L <=> Frontal_Sup_Medial_R,0.0
Precentral_L <=> Frontal_Sup_Medial_L,0.0
Precentral_L <=> Olfactory_R,0.0
Precentral_L <=> Olfactory_L,0.0
Precentral_L <=> Supp_Motor_Area_R,0.0
Precentral_L <=> Supp_Motor_Area_L,0.0
Precentral_L <=> Rolandic_Oper_R,0.0
Precentral_L <=> Rolandic_Oper_L,0.0
Precentral_L <=> Frontal_Inf_Orb_R,0.0
Precentral_L <=> Frontal_Inf_Orb_L,0.0
Precentral_L <=> Frontal_Med_Orb_L,0.0
Precentral_L <=> Frontal_Inf_Tri_R,0.0
Precentral_L <=> Frontal_Inf_Oper_R,0.0
Precentral_L <=> Frontal_Inf_Oper_L,0.0
Precentral_L <=> Frontal_Mid_Orb_R,0.0
Precentral_L <=> Frontal_Mid_Orb_L,0.0
Precentral_L <=> Frontal_Mid_R,0.0
Precentral_L <=> Frontal_Mid_L,0.0
Precentral_L <=> Frontal_Sup_Orb_R,0.0
Precentral_L <=> Frontal_Sup_Orb_L,0.0
Precentral_L <=> Frontal_Sup_R,0.0
Precentral_L <=> Frontal_Sup_L,0.0
Precentral_L <=> Frontal_Inf_Tri_L,0.0
Precentral_L <=> Frontal_Med_Orb_R,0.0
Precentral_L <=> Rectus_L,0.0
Precentral_L <=> Rectus_R,0.0
Precentral_L <=> Occipital_Mid_L,0.0
Precentral_L <=> Occipital_Sup_R,0.0
Precentral_L <=> Occipital_Sup_L,0.0
Precentral_L <=> Lingual_R,0.0
Precentral_L <=> Lingual_L,0.0
Precentral_L <=> Cuneus_R,0.0
Precentral_L <=> Cuneus_L,0.0
Precentral_L <=> Calcarine_R,0.0
Precentral_L <=> Calcarine_L,0.0
Precentral_L <=> Amygdala_R,0.0
Precentral_L <=> Amygdala_L,0.0
Precentral_L <=> ParaHippocampal_R,0.0
Precentral_L <=> ParaHippocampal_L,0.0
Precentral_L <=> Hippocampus_R,0.0
Precentral_L <=> Hippocampus_L,0.0
Precentral_L <=> Cingulum_Post_R,0.0
Precentral_L <=> Cingulum_Post_L,0.0
Precentral_L <=> Cingulum_Mid_R,0.0
Precentral_L <=> Cingulum_Mid_L,0.0
Precentral_L <=> Cingulum_Ant_R,0.0
Precentral_L <=> Cingulum_Ant_L,0.0
Precentral_L <=> Insula_R,0.0
Precentral_L <=> Insula_L,0.0
Precentral_L <=> Occipital_Inf_L,0.0
Frontal_Sup_R <=> Temporal_Pole_Sup_L,0.0
Precentral_L <=> Cerebelum_9_R,0.0
Precentral_L <=> Cerebelum_10_R,0.0
Precentral_R <=> Paracentral_Lobule_L,0.0
Precentral_R <=> Precuneus_R,0.0
Precentral_R <=> Precuneus_L,0.0
Precentral_R <=> Angular_R,0.0
Precentral_R <=> Angular_L,0.0
Precentral_R <=> SupraMarginal_R,0.0
Precentral_R <=> SupraMarginal_L,0.0
Precentral_R <=> Parietal_Inf_R,0.0
Precentral_R <=> Parietal_Inf_L,0.0
Precentral_R <=> Parietal_Sup_R,0.0
Precentral_R <=> Paracentral_Lobule_R,0.0
Precentral_R <=> Parietal_Sup_L,0.0
Precentral_R <=> Postcentral_L,0.0
Precentral_R <=> Fusiform_R,0.0
Precentral_R <=> Fusiform_L,0.0
Precentral_R <=> Occipital_Inf_R,0.0
Precentral_R <=> Occipital_Inf_L,0.0
Precentral_R <=> Occipital_Mid_R,0.0
Precentral_R <=> Occipital_Mid_L,0.0
Precentral_R <=> Occipital_Sup_R,0.0
Precentral_R <=> Occipital_Sup_L,0.0
Precentral_R <=> Lingual_R,0.0
Precentral_R <=> Postcentral_R,0.0
Precentral_R <=> Caudate_L,0.0
Precentral_R <=> Caudate_R,0.0
Precentral_R <=> Putamen_L,0.0
Precentral_R <=> Cerebelum_3_R,0.0
Precentral_R <=> Cerebelum_3_L,0.0
Precentral_R <=> Cerebelum_Crus2_R,0.0
Precentral_R <=> Cerebelum_Crus2_L,0.0
Precentral_R <=> Cerebelum_Crus1_R,0.0
Precentral_R <=> Cerebelum_Crus1_L,0.0
Precentral_R <=> Temporal_Inf_R,0.0
Precentral_R <=> Temporal_Inf_L,0.0
Precentral_R <=> Temporal_Pole_Mid_R,0.0
Precentral_R <=> Temporal_Pole_Mid_L,0.0
Precentral_R <=> Temporal_Mid_R,0.0
Precentral_R <=> Temporal_Mid_L,0.0
Precentral_R <=> Temporal_Pole_Sup_R,0.0
Precentral_R <=> Temporal_Pole_Sup_L,0.0
Precentral_R <=> Temporal_Sup_R,0.0
Precentral_R <=> Temporal_Sup_L,0.0
Precentral_R <=> Heschl_R,0.0
Precentral_R <=> Heschl_L,0.0
Precentral_R <=> Thalamus_R,0.0
Precentral_R <=> Thalamus_L,0.0
Precentral_R <=> Pallidum_R,0.0
Precentral_R <=> Pallidum_L,0.0
Precentral_R <=> Putamen_R,0.0
Precentral_R <=> Lingual_L,0.0
Precentral_L <=> Cerebelum_10_L,0.0
Precentral_R <=> Cuneus_R,0.0
Precentral_R <=> Calcarine_R,0.0
Precentral_R <=> Frontal_Inf_Orb_R,0.0
Precentral_R <=> Frontal_Inf_Orb_L,0.0
Precentral_R <=> Frontal_Inf_Tri_R,0.0
Precentral_R <=> Frontal_Inf_Tri_L,0.0
Precentral_R <=> Frontal_Inf_Oper_R,0.0
Precentral_R <=> Frontal_Inf_Oper_L,0.0
Precentral_R <=> Frontal_Mid_Orb_R,0.0
Precentral_R <=> Frontal_Mid_Orb_L,0.0
Precentral_R <=> Frontal_Mid_R,0.0
Precentral_R <=> Frontal_Mid_L,0.0
Precentral_R <=> Rolandic_Oper_L,0.0
Precentral_R <=> Frontal_Sup_Orb_R,0.0
Precentral_R <=> Frontal_Sup_R,0.0
Precentral_R <=> Frontal_Sup_L,0.0
Precentral_L <=> Vermis_10,0.0
Precentral_L <=> Vermis_9,0.0
Precentral_L <=> Vermis_8,0.0
Precentral_L <=> Vermis_7,0.0
Precentral_L <=> Vermis_6,0.0
Precentral_L <=> Vermis_4_5,0.0
Precentral_L <=> Vermis_3,0.0
Precentral_L <=> Vermis_1_2,0.0
Precentral_R <=> Frontal_Sup_Orb_L,0.0
Precentral_R <=> Rolandic_Oper_R,0.0
Precentral_R <=> Supp_Motor_Area_L,0.0
Precentral_R <=> Supp_Motor_Area_R,0.0
Precentral_R <=> Calcarine_L,0.0
Precentral_R <=> Amygdala_R,0.0
Precentral_R <=> Amygdala_L,0.0
Precentral_R <=> ParaHippocampal_R,0.0
Precentral_R <=> ParaHippocampal_L,0.0
Precentral_R <=> Hippocampus_R,0.0
Precentral_R <=> Hippocampus_L,0.0
Precentral_R <=> Cingulum_Post_R,0.0
Precentral_R <=> Cingulum_Post_L,0.0
Precentral_R <=> Cingulum_Mid_R,0.0
Precentral_R <=> Cingulum_Mid_L,0.0
Precentral_R <=> Cingulum_Ant_R,0.0
Precentral_R <=> Cingulum_Ant_L,0.0
Precentral_R <=> Insula_R,0.0
Precentral_R <=> Insula_L,0.0
Precentral_R <=> Rectus_R,0.0
Precentral_R <=> Rectus_L,0.0
Precentral_R <=> Frontal_Med_Orb_R,0.0
Precentral_R <=> Frontal_Med_Orb_L,0.0
Precentral_R <=> Frontal_Sup_Medial_R,0.0
Precentral_R <=> Frontal_Sup_Medial_L,0.0
Precentral_R <=> Olfactory_R,0.0
Precentral_R <=> Olfactory_L,0.0
Precentral_R <=> Cuneus_L,0.0
Olfactory_L <=> Cingulum_Mid_L_diff_Lingual_L <=> Temporal_Pole_Sup_R,0.0
Frontal_Sup_R <=> Temporal_Pole_Sup_R,0.0
Frontal_Sup_R <=> Temporal_Mid_R,0.0
Frontal_Mid_L <=> Calcarine_L,0.0
Frontal_Mid_L <=> Amygdala_R,0.0
Frontal_Mid_L <=> Amygdala_L,0.0
Frontal_Mid_L <=> ParaHippocampal_R,0.0
Frontal_Mid_L <=> ParaHippocampal_L,0.0
Frontal_Mid_L <=> Hippocampus_R,0.0
Frontal_Mid_L <=> Hippocampus_L,0.0
Frontal_Mid_L <=> Cingulum_Post_R,0.0
Frontal_Mid_L <=> Cingulum_Post_L,0.0
Frontal_Mid_L <=> Cingulum_Mid_R,0.0
Frontal_Mid_L <=> Calcarine_R,0.0
Frontal_Mid_L <=> Cingulum_Mid_L,0.0
Frontal_Mid_L <=> Cingulum_Ant_L,0.0
Frontal_Mid_L <=> Insula_R,0.0
Frontal_Mid_L <=> Insula_L,0.0
Frontal_Mid_L <=> Rectus_R,0.0
Frontal_Mid_L <=> Rectus_L,0.0
Frontal_Mid_L <=> Frontal_Med_Orb_R,0.0
Frontal_Mid_L <=> Frontal_Med_Orb_L,0.0
Frontal_Mid_L <=> Frontal_Sup_Medial_R,0.0
Frontal_Mid_L <=> Frontal_Sup_Medial_L,0.0
Frontal_Mid_L <=> Olfactory_R,0.0
Frontal_Mid_L <=> Cingulum_Ant_R,0.0
Frontal_Mid_L <=> Olfactory_L,0.0
Frontal_Mid_L <=> Cuneus_L,0.0
Frontal_Mid_L <=> Lingual_L,0.0
Frontal_Mid_L <=> Paracentral_Lobule_L,0.0
Frontal_Mid_L <=> Precuneus_R,0.0
Frontal_Mid_L <=> Precuneus_L,0.0
Frontal_Mid_L <=> Angular_R,0.0
Frontal_Mid_L <=> Angular_L,0.0
Frontal_Mid_L <=> SupraMarginal_R,0.0
Frontal_Mid_L <=> SupraMarginal_L,0.0
Frontal_Mid_L <=> Parietal_Inf_R,0.0
Frontal_Mid_L <=> Parietal_Inf_L,0.0
Frontal_Mid_L <=> Parietal_Sup_R,0.0
Frontal_Mid_L <=> Cuneus_R,0.0
Frontal_Mid_L <=> Parietal_Sup_L,0.0
Frontal_Mid_L <=> Postcentral_L,0.0
Frontal_Mid_L <=> Fusiform_R,0.0
Frontal_Mid_L <=> Fusiform_L,0.0
Frontal_Mid_L <=> Occipital_Inf_R,0.0
Frontal_Mid_L <=> Occipital_Inf_L,0.0
Frontal_Mid_L <=> Occipital_Mid_R,0.0
Frontal_Mid_L <=> Occipital_Mid_L,0.0
Frontal_Mid_L <=> Occipital_Sup_R,0.0
Frontal_Mid_L <=> Occipital_Sup_L,0.0
Frontal_Mid_L <=> Lingual_R,0.0
Frontal_Mid_L <=> Postcentral_R,0.0
Frontal_Mid_L <=> Supp_Motor_Area_R,0.0
Frontal_Mid_L <=> Supp_Motor_Area_L,0.0
Frontal_Mid_L <=> Rolandic_Oper_R,0.0
Frontal_Sup_Orb_R <=> Cerebelum_6_L,0.0
Frontal_Sup_Orb_R <=> Cerebelum_4_5_R,0.0
Frontal_Sup_Orb_R <=> Cerebelum_4_5_L,0.0
Frontal_Sup_Orb_R <=> Cerebelum_3_R,0.0
Frontal_Sup_Orb_R <=> Cerebelum_3_L,0.0
Frontal_Sup_Orb_R <=> Cerebelum_Crus2_R,0.0
Frontal_Sup_Orb_R <=> Cerebelum_Crus2_L,0.0
Frontal_Sup_Orb_R <=> Cerebelum_Crus1_R,0.0
Frontal_Sup_Orb_R <=> Cerebelum_Crus1_L,0.0
Frontal_Sup_Orb_R <=> Temporal_Inf_R,0.0
Frontal_Sup_Orb_R <=> Cerebelum_6_R,0.0
Frontal_Sup_Orb_R <=> Temporal_Inf_L,0.0
Frontal_Sup_Orb_R <=> Temporal_Pole_Mid_L,0.0
Frontal_Sup_Orb_R <=> Temporal_Mid_R,0.0
Frontal_Sup_Orb_R <=> Temporal_Mid_L,0.0
Frontal_Sup_Orb_R <=> Temporal_Pole_Sup_R,0.0
Frontal_Sup_Orb_R <=> Temporal_Pole_Sup_L,0.0
Frontal_Sup_Orb_R <=> Temporal_Sup_R,0.0
Frontal_Sup_Orb_R <=> Temporal_Sup_L,0.0
Frontal_Sup_Orb_R <=> Heschl_R,0.0
Frontal_Sup_Orb_R <=> Heschl_L,0.0
Frontal_Sup_Orb_R <=> Thalamus_R,0.0
Frontal_Sup_Orb_R <=> Temporal_Pole_Mid_R,0.0
Frontal_Sup_Orb_R <=> Cerebelum_7b_L,0.0
Frontal_Sup_Orb_R <=> Cerebelum_7b_R,0.0
Frontal_Sup_Orb_R <=> Cerebelum_8_L,0.0
Frontal_Mid_L <=> Rolandic_Oper_L,0.0
Frontal_Mid_L <=> Frontal_Inf_Orb_R,0.0
Frontal_Mid_L <=> Frontal_Inf_Orb_L,0.0
Frontal_Mid_L <=> Frontal_Inf_Tri_R,0.0
Frontal_Mid_L <=> Frontal_Inf_Tri_L,0.0
Frontal_Mid_L <=> Frontal_Inf_Oper_R,0.0
Frontal_Mid_L <=> Frontal_Inf_Oper_L,0.0
Frontal_Mid_L <=> Frontal_Mid_Orb_R,0.0
Frontal_Mid_L <=> Frontal_Mid_Orb_L,0.0
Frontal_Mid_L <=> Frontal_Mid_R,0.0
Frontal_Sup_Orb_R <=> Vermis_10,0.0
Frontal_Sup_Orb_R <=> Vermis_9,0.0
Frontal_Sup_Orb_R <=> Vermis_8,0.0
Frontal_Sup_Orb_R <=> Vermis_7,0.0
Frontal_Sup_Orb_R <=> Vermis_6,0.0
Frontal_Sup_Orb_R <=> Vermis_4_5,0.0
Frontal_Sup_Orb_R <=> Vermis_3,0.0
Frontal_Sup_Orb_R <=> Vermis_1_2,0.0
Frontal_Sup_Orb_R <=> Cerebelum_10_R,0.0
Frontal_Sup_Orb_R <=> Cerebelum_10_L,0.0
Frontal_Sup_Orb_R <=> Cerebelum_9_R,0.0
Frontal_Sup_Orb_R <=> Cerebelum_9_L,0.0
Frontal_Sup_Orb_R <=> Cerebelum_8_R,0.0
Frontal_Mid_L <=> Paracentral_Lobule_R,0.0
Frontal_Mid_L <=> Caudate_L,0.0
Frontal_Mid_L <=> Caudate_R,0.0
Frontal_Mid_L <=> Putamen_L,0.0
Frontal_Mid_R <=> ParaHippocampal_R,0.0
Frontal_Mid_R <=> ParaHippocampal_L,0.0
Frontal_Mid_R <=> Hippocampus_R,0.0
Frontal_Mid_R <=> Hippocampus_L,0.0
Frontal_Mid_R <=> Cingulum_Post_R,0.0
Frontal_Mid_R <=> Cingulum_Post_L,0.0
Frontal_Mid_R <=> Cingulum_Mid_R,0.0
Frontal_Mid_R <=> Cingulum_Mid_L,0.0
Frontal_Mid_R <=> Cingulum_Ant_R,0.0
Frontal_Mid_R <=> Cingulum_Ant_L,0.0
Frontal_Mid_R <=> Amygdala_L,0.0
Frontal_Mid_R <=> Insula_R,0.0
Frontal_Mid_R <=> Rectus_R,0.0
Frontal_Mid_R <=> Rectus_L,0.0
Frontal_Mid_R <=> Frontal_Med_Orb_R,0.0
Frontal_Mid_R <=> Frontal_Med_Orb_L,0.0
Frontal_Mid_R <=> Frontal_Sup_Medial_R,0.0
Frontal_Mid_R <=> Frontal_Sup_Medial_L,0.0
Frontal_Mid_R <=> Olfactory_R,0.0
Frontal_Mid_R <=> Olfactory_L,0.0
Frontal_Mid_R <=> Supp_Motor_Area_R,0.0
Frontal_Mid_R <=> Supp_Motor_Area_L,0.0
Frontal_Mid_R <=> Insula_L,0.0
Frontal_Mid_R <=> Amygdala_R,0.0
Frontal_Mid_R <=> Calcarine_L,0.0
Frontal_Mid_R <=> Calcarine_R,0.0
Frontal_Mid_R <=> Precuneus_L,0.0
Frontal_Mid_R <=> Angular_R,0.0
Frontal_Mid_R <=> Angular_L,0.0
Frontal_Mid_R <=> SupraMarginal_R,0.0
Frontal_Mid_R <=> SupraMarginal_L,0.0
Frontal_Mid_R <=> Parietal_Inf_R,0.0
Frontal_Mid_R <=> Parietal_Inf_L,0.0
Frontal_Mid_R <=> Parietal_Sup_R,0.0
Frontal_Mid_R <=> Parietal_Sup_L,0.0
Frontal_Mid_R <=> Postcentral_R,0.0
Frontal_Mid_R <=> Postcentral_L,0.0
Frontal_Mid_R <=> Fusiform_R,0.0
Frontal_Mid_R <=> Fusiform_L,0.0
Frontal_Mid_R <=> Occipital_Inf_R,0.0
Frontal_Mid_R <=> Occipital_Inf_L,0.0
Frontal_Mid_R <=> Occipital_Mid_R,0.0
Frontal_Mid_R <=> Occipital_Mid_L,0.0
Frontal_Mid_R <=> Occipital_Sup_R,0.0
Frontal_Mid_R <=> Occipital_Sup_L,0.0
Frontal_Mid_R <=> Lingual_R,0.0
Frontal_Mid_R <=> Lingual_L,0.0
Frontal_Mid_R <=> Cuneus_R,0.0
Frontal_Mid_R <=> Cuneus_L,0.0
Frontal_Mid_R <=> Rolandic_Oper_R,0.0
Frontal_Sup_Orb_R <=> Thalamus_L,0.0
Frontal_Mid_R <=> Rolandic_Oper_L,0.0
Frontal_Mid_R <=> Frontal_Inf_Orb_L,0.0
Frontal_Mid_L <=> Cerebelum_3_L,0.0
Frontal_Mid_L <=> Cerebelum_Crus2_R,0.0
Frontal_Mid_L <=> Cerebelum_Crus2_L,0.0
Frontal_Mid_L <=> Cerebelum_Crus1_R,0.0
Frontal_Mid_L <=> Cerebelum_Crus1_L,0.0
Frontal_Mid_L <=> Temporal_Inf_R,0.0
Frontal_Mid_L <=> Temporal_Inf_L,0.0
Frontal_Mid_L <=> Temporal_Pole_Mid_R,0.0
Frontal_Mid_L <=> Temporal_Pole_Mid_L,0.0
Frontal_Mid_L <=> Temporal_Mid_R,0.0
Frontal_Mid_L <=> Cerebelum_3_R,0.0
Frontal_Mid_L <=> Temporal_Mid_L,0.0
Frontal_Mid_L <=> Temporal_Pole_Sup_L,0.0
Frontal_Mid_L <=> Temporal_Sup_R,0.0
Frontal_Mid_L <=> Temporal_Sup_L,0.0
Frontal_Mid_L <=> Heschl_R,0.0
Frontal_Mid_L <=> Heschl_L,0.0
Frontal_Mid_L <=> Thalamus_R,0.0
Frontal_Mid_L <=> Thalamus_L,0.0
Frontal_Mid_L <=> Pallidum_R,0.0
Frontal_Mid_L <=> Pallidum_L,0.0
Frontal_Mid_L <=> Putamen_R,0.0
Frontal_Mid_L <=> Temporal_Pole_Sup_R,0.0
Frontal_Mid_L <=> Cerebelum_4_5_L,0.0
Frontal_Mid_L <=> Cerebelum_4_5_R,0.0
Frontal_Mid_L <=> Cerebelum_6_L,0.0
Frontal_Mid_R <=> Frontal_Inf_Tri_R,0.0
Frontal_Mid_R <=> Frontal_Inf_Tri_L,0.0
Frontal_Mid_R <=> Frontal_Inf_Oper_R,0.0
Frontal_Mid_R <=> Frontal_Inf_Oper_L,0.0
Frontal_Mid_R <=> Frontal_Mid_Orb_R,0.0
Frontal_Mid_R <=> Frontal_Mid_Orb_L,0.0
Frontal_Mid_L <=> Vermis_10,0.0
Frontal_Mid_L <=> Vermis_9,0.0
Frontal_Mid_L <=> Vermis_8,0.0
Frontal_Mid_L <=> Vermis_7,0.0
Frontal_Mid_L <=> Vermis_6,0.0
Frontal_Mid_L <=> Vermis_4_5,0.0
Frontal_Mid_L <=> Vermis_3,0.0
Frontal_Mid_L <=> Vermis_1_2,0.0
Frontal_Mid_L <=> Cerebelum_10_R,0.0
Frontal_Mid_L <=> Cerebelum_10_L,0.0
Frontal_Mid_L <=> Cerebelum_9_R,0.0
Frontal_Mid_L <=> Cerebelum_9_L,0.0
Frontal_Mid_L <=> Cerebelum_8_R,0.0
Frontal_Mid_L <=> Cerebelum_8_L,0.0
Frontal_Mid_L <=> Cerebelum_7b_R,0.0
Frontal_Mid_L <=> Cerebelum_7b_L,0.0
Frontal_Mid_L <=> Cerebelum_6_R,0.0
Frontal_Mid_R <=> Frontal_Inf_Orb_R,0.0
Frontal_Sup_Orb_R <=> Pallidum_R,0.0
Frontal_Sup_Orb_R <=> Pallidum_L,0.0
Frontal_Sup_Orb_R <=> Putamen_R,0.0
Frontal_Sup_Orb_L <=> Occipital_Sup_R,0.0
Frontal_Sup_Orb_L <=> Occipital_Sup_L,0.0
Frontal_Sup_Orb_L <=> Lingual_R,0.0
Frontal_Sup_Orb_L <=> Lingual_L,0.0
Frontal_Sup_Orb_L <=> Cuneus_R,0.0
Frontal_Sup_Orb_L <=> Cuneus_L,0.0
Frontal_Sup_Orb_L <=> Calcarine_R,0.0
Frontal_Sup_Orb_L <=> Calcarine_L,0.0
Frontal_Sup_Orb_L <=> Amygdala_R,0.0
Frontal_Sup_Orb_L <=> Amygdala_L,0.0
Frontal_Sup_Orb_L <=> Occipital_Mid_L,0.0
Frontal_Sup_Orb_L <=> ParaHippocampal_R,0.0
Frontal_Sup_Orb_L <=> Hippocampus_R,0.0
Frontal_Sup_Orb_L <=> Hippocampus_L,0.0
Frontal_Sup_Orb_L <=> Cingulum_Post_R,0.0
Frontal_Sup_Orb_L <=> Cingulum_Post_L,0.0
Frontal_Sup_Orb_L <=> Cingulum_Mid_R,0.0
Frontal_Sup_Orb_L <=> Cingulum_Mid_L,0.0
Frontal_Sup_Orb_L <=> Cingulum_Ant_R,0.0
Frontal_Sup_Orb_L <=> Cingulum_Ant_L,0.0
Frontal_Sup_Orb_L <=> Insula_R,0.0
Frontal_Sup_Orb_L <=> Insula_L,0.0
Frontal_Sup_Orb_L <=> ParaHippocampal_L,0.0
Frontal_Sup_Orb_L <=> Occipital_Mid_R,0.0
Frontal_Sup_Orb_L <=> Occipital_Inf_L,0.0
Frontal_Sup_Orb_L <=> Occipital_Inf_R,0.0
Frontal_Sup_Orb_L <=> Thalamus_L,0.0
Frontal_Sup_Orb_L <=> Pallidum_R,0.0
Frontal_Sup_Orb_L <=> Pallidum_L,0.0
Frontal_Sup_Orb_L <=> Putamen_R,0.0
Frontal_Sup_Orb_L <=> Putamen_L,0.0
Frontal_Sup_Orb_L <=> Caudate_R,0.0
Frontal_Sup_Orb_L <=> Caudate_L,0.0
Frontal_Sup_Orb_L <=> Paracentral_Lobule_R,0.0
Frontal_Sup_Orb_L <=> Paracentral_Lobule_L,0.0
Frontal_Sup_Orb_L <=> Precuneus_R,0.0
Frontal_Sup_Orb_L <=> Precuneus_L,0.0
Frontal_Sup_Orb_L <=> Angular_R,0.0
Frontal_Sup_Orb_L <=> Angular_L,0.0
Frontal_Sup_Orb_L <=> SupraMarginal_R,0.0
Frontal_Sup_Orb_L <=> SupraMarginal_L,0.0
Frontal_Sup_Orb_L <=> Parietal_Inf_R,0.0
Frontal_Sup_Orb_L <=> Parietal_Inf_L,0.0
Frontal_Sup_Orb_L <=> Parietal_Sup_R,0.0
Frontal_Sup_Orb_L <=> Parietal_Sup_L,0.0
Frontal_Sup_Orb_L <=> Postcentral_R,0.0
Frontal_Sup_Orb_L <=> Postcentral_L,0.0
Frontal_Sup_Orb_L <=> Fusiform_R,0.0
Frontal_Sup_Orb_L <=> Fusiform_L,0.0
Frontal_Sup_Orb_L <=> Rectus_R,0.0
Frontal_Sup_Orb_L <=> Thalamus_R,0.0
Frontal_Sup_Orb_L <=> Rectus_L,0.0
Frontal_Sup_Orb_L <=> Frontal_Med_Orb_L,0.0
Frontal_Sup_R <=> Cerebelum_10_R,0.0
Frontal_Sup_R <=> Cerebelum_10_L,0.0
Frontal_Sup_R <=> Cerebelum_9_R,0.0
Frontal_Sup_R <=> Cerebelum_9_L,0.0
Frontal_Sup_R <=> Cerebelum_8_R,0.0
Frontal_Sup_R <=> Cerebelum_8_L,0.0
Frontal_Sup_R <=> Cerebelum_7b_R,0.0
Frontal_Sup_R <=> Cerebelum_7b_L,0.0
Frontal_Sup_R <=> Cerebelum_6_R,0.0
Frontal_Sup_R <=> Cerebelum_6_L,0.0
Frontal_Sup_R <=> Vermis_1_2,0.0
Frontal_Sup_R <=> Cerebelum_4_5_R,0.0
Frontal_Sup_R <=> Cerebelum_3_R,0.0
Frontal_Sup_R <=> Cerebelum_3_L,0.0
Frontal_Sup_R <=> Cerebelum_Crus2_R,0.0
Frontal_Sup_R <=> Cerebelum_Crus2_L,0.0
Frontal_Sup_R <=> Cerebelum_Crus1_R,0.0
Frontal_Sup_R <=> Cerebelum_Crus1_L,0.0
Frontal_Sup_R <=> Temporal_Inf_R,0.0
Frontal_Sup_R <=> Temporal_Inf_L,0.0
Frontal_Sup_R <=> Temporal_Pole_Mid_R,0.0
Frontal_Sup_R <=> Temporal_Pole_Mid_L,0.0
Frontal_Sup_R <=> Cerebelum_4_5_L,0.0
Frontal_Sup_R <=> Vermis_3,0.0
Frontal_Sup_R <=> Vermis_4_5,0.0
Frontal_Sup_R <=> Vermis_6,0.0
Frontal_Sup_Orb_L <=> Frontal_Sup_Medial_R,0.0
Frontal_Sup_Orb_L <=> Frontal_Sup_Medial_L,0.0
Frontal_Sup_Orb_L <=> Olfactory_R,0.0
Frontal_Sup_Orb_L <=> Olfactory_L,0.0
Frontal_Sup_Orb_L <=> Supp_Motor_Area_R,0.0
Frontal_Sup_Orb_L <=> Supp_Motor_Area_L,0.0
Frontal_Sup_Orb_L <=> Rolandic_Oper_R,0.0
Frontal_Sup_Orb_L <=> Rolandic_Oper_L,0.0
Frontal_Sup_Orb_L <=> Frontal_Inf_Orb_R,0.0
Frontal_Sup_Orb_L <=> Frontal_Inf_Orb_L,0.0
Frontal_Sup_Orb_L <=> Frontal_Inf_Tri_R,0.0
Frontal_Sup_Orb_L <=> Frontal_Inf_Tri_L,0.0
Frontal_Sup_Orb_L <=> Frontal_Inf_Oper_R,0.0
Frontal_Sup_Orb_L <=> Frontal_Inf_Oper_L,0.0
Frontal_Sup_Orb_L <=> Frontal_Mid_Orb_R,0.0
Frontal_Sup_Orb_L <=> Frontal_Mid_Orb_L,0.0
Frontal_Sup_Orb_L <=> Frontal_Mid_R,0.0
Frontal_Sup_Orb_L <=> Frontal_Mid_L,0.0
Frontal_Sup_Orb_L <=> Frontal_Sup_Orb_R,0.0
Frontal_Sup_R <=> Vermis_10,0.0
Frontal_Sup_R <=> Vermis_9,0.0
Frontal_Sup_R <=> Vermis_8,0.0
Frontal_Sup_R <=> Vermis_7,0.0
Frontal_Sup_Orb_L <=> Frontal_Med_Orb_R,0.0
Frontal_Sup_R <=> Temporal_Mid_L,0.0
Frontal_Sup_Orb_L <=> Heschl_L,0.0
Frontal_Sup_Orb_L <=> Temporal_Sup_L,0.0
Frontal_Sup_Orb_R <=> Cuneus_R,0.0
Frontal_Sup_Orb_R <=> Cuneus_L,0.0
Frontal_Sup_Orb_R <=> Calcarine_R,0.0
Frontal_Sup_Orb_R <=> Calcarine_L,0.0
Frontal_Sup_Orb_R <=> Amygdala_R,0.0
Frontal_Sup_Orb_R <=> Amygdala_L,0.0
Frontal_Sup_Orb_R <=> ParaHippocampal_R,0.0
Frontal_Sup_Orb_R <=> ParaHippocampal_L,0.0
Frontal_Sup_Orb_R <=> Hippocampus_R,0.0
Frontal_Sup_Orb_R <=> Hippocampus_L,0.0
Frontal_Sup_Orb_R <=> Lingual_L,0.0
Frontal_Sup_Orb_R <=> Cingulum_Post_R,0.0
Frontal_Sup_Orb_R <=> Cingulum_Mid_R,0.0
Frontal_Sup_Orb_R <=> Cingulum_Mid_L,0.0
Frontal_Sup_Orb_R <=> Cingulum_Ant_R,0.0
Frontal_Sup_Orb_R <=> Cingulum_Ant_L,0.0
Frontal_Sup_Orb_R <=> Insula_R,0.0
Frontal_Sup_Orb_R <=> Insula_L,0.0
Frontal_Sup_Orb_R <=> Rectus_R,0.0
Frontal_Sup_Orb_R <=> Rectus_L,0.0
Frontal_Sup_Orb_R <=> Frontal_Med_Orb_R,0.0
Frontal_Sup_Orb_R <=> Frontal_Med_Orb_L,0.0
Frontal_Sup_Orb_R <=> Cingulum_Post_L,0.0
Frontal_Sup_Orb_R <=> Lingual_R,0.0
Frontal_Sup_Orb_R <=> Occipital_Sup_L,0.0
Frontal_Sup_Orb_R <=> Occipital_Sup_R,0.0
Frontal_Sup_Orb_R <=> Putamen_L,0.0
Frontal_Sup_Orb_R <=> Caudate_R,0.0
Frontal_Sup_Orb_R <=> Caudate_L,0.0
Frontal_Sup_Orb_R <=> Paracentral_Lobule_R,0.0
Frontal_Sup_Orb_R <=> Paracentral_Lobule_L,0.0
Frontal_Sup_Orb_R <=> Precuneus_R,0.0
Frontal_Sup_Orb_R <=> Precuneus_L,0.0
Frontal_Sup_Orb_R <=> Angular_R,0.0
Frontal_Sup_Orb_R <=> Angular_L,0.0
Frontal_Sup_Orb_R <=> SupraMarginal_R,0.0
Frontal_Sup_Orb_R <=> SupraMarginal_L,0.0
Frontal_Sup_Orb_R <=> Parietal_Inf_R,0.0
Frontal_Sup_Orb_R <=> Parietal_Inf_L,0.0
Frontal_Sup_Orb_R <=> Parietal_Sup_R,0.0
Frontal_Sup_Orb_R <=> Parietal_Sup_L,0.0
Frontal_Sup_Orb_R <=> Postcentral_R,0.0
Frontal_Sup_Orb_R <=> Postcentral_L,0.0
Frontal_Sup_Orb_R <=> Fusiform_R,0.0
Frontal_Sup_Orb_R <=> Fusiform_L,0.0
Frontal_Sup_Orb_R <=> Occipital_Inf_R,0.0
Frontal_Sup_Orb_R <=> Occipital_Inf_L,0.0
Frontal_Sup_Orb_R <=> Occipital_Mid_R,0.0
Frontal_Sup_Orb_R <=> Occipital_Mid_L,0.0
Frontal_Sup_Orb_R <=> Frontal_Sup_Medial_R,0.0
Frontal_Sup_Orb_L <=> Heschl_R,0.0
Frontal_Sup_Orb_R <=> Frontal_Sup_Medial_L,0.0
Frontal_Sup_Orb_R <=> Olfactory_L,0.0
Frontal_Sup_Orb_L <=> Cerebelum_8_L,0.0
Frontal_Sup_Orb_L <=> Cerebelum_7b_R,0.0
Frontal_Sup_Orb_L <=> Cerebelum_7b_L,0.0
Frontal_Sup_Orb_L <=> Cerebelum_6_R,0.0
Frontal_Sup_Orb_L <=> Cerebelum_6_L,0.0
Frontal_Sup_Orb_L <=> Cerebelum_4_5_R,0.0
Frontal_Sup_Orb_L <=> Cerebelum_4_5_L,0.0
Frontal_Sup_Orb_L <=> Cerebelum_3_R,0.0
Frontal_Sup_Orb_L <=> Cerebelum_3_L,0.0
Frontal_Sup_Orb_L <=> Cerebelum_Crus2_R,0.0
Frontal_Sup_Orb_L <=> Cerebelum_8_R,0.0
Frontal_Sup_Orb_L <=> Cerebelum_Crus2_L,0.0
Frontal_Sup_Orb_L <=> Cerebelum_Crus1_L,0.0
Frontal_Sup_Orb_L <=> Temporal_Inf_R,0.0
Frontal_Sup_Orb_L <=> Temporal_Inf_L,0.0
Frontal_Sup_Orb_L <=> Temporal_Pole_Mid_R,0.0
Frontal_Sup_Orb_L <=> Temporal_Pole_Mid_L,0.0
Frontal_Sup_Orb_L <=> Temporal_Mid_R,0.0
Frontal_Sup_Orb_L <=> Temporal_Mid_L,0.0
Frontal_Sup_Orb_L <=> Temporal_Pole_Sup_R,0.0
Frontal_Sup_Orb_L <=> Temporal_Pole_Sup_L,0.0
Frontal_Sup_Orb_L <=> Temporal_Sup_R,0.0
Frontal_Sup_Orb_L <=> Cerebelum_Crus1_R,0.0
Frontal_Sup_Orb_L <=> Cerebelum_9_L,0.0
Frontal_Sup_Orb_L <=> Cerebelum_9_R,0.0
Frontal_Sup_Orb_L <=> Cerebelum_10_L,0.0
Frontal_Sup_Orb_R <=> Supp_Motor_Area_R,0.0
Frontal_Sup_Orb_R <=> Supp_Motor_Area_L,0.0
Frontal_Sup_Orb_R <=> Rolandic_Oper_R,0.0
Frontal_Sup_Orb_R <=> Rolandic_Oper_L,0.0
Frontal_Sup_Orb_R <=> Frontal_Inf_Orb_R,0.0
Frontal_Sup_Orb_R <=> Frontal_Inf_Orb_L,0.0
Frontal_Sup_Orb_R <=> Frontal_Inf_Tri_R,0.0
Frontal_Sup_Orb_R <=> Frontal_Inf_Tri_L,0.0
Frontal_Sup_Orb_R <=> Frontal_Inf_Oper_R,0.0
Frontal_Sup_Orb_R <=> Frontal_Inf_Oper_L,0.0
Frontal_Sup_Orb_R <=> Frontal_Mid_Orb_R,0.0
Frontal_Sup_Orb_R <=> Frontal_Mid_Orb_L,0.0
Frontal_Sup_Orb_R <=> Frontal_Mid_R,0.0
Frontal_Sup_Orb_R <=> Frontal_Mid_L,0.0
Frontal_Sup_Orb_L <=> Vermis_10,0.0
Frontal_Sup_Orb_L <=> Vermis_9,0.0
Frontal_Sup_Orb_L <=> Vermis_8,0.0
Frontal_Sup_Orb_L <=> Vermis_7,0.0
Frontal_Sup_Orb_L <=> Vermis_6,0.0
Frontal_Sup_Orb_L <=> Vermis_4_5,0.0
Frontal_Sup_Orb_L <=> Vermis_3,0.0
Frontal_Sup_Orb_L <=> Vermis_1_2,0.0
Frontal_Sup_Orb_L <=> Cerebelum_10_R,0.0
Frontal_Sup_Orb_R <=> Olfactory_R,0.0
Frontal_Inf_Orb_R <=> Temporal_Inf_L,0.0
Frontal_Inf_Orb_R <=> Temporal_Pole_Mid_R,0.0
Frontal_Inf_Orb_R <=> Cerebelum_Crus1_L,0.0
Rectus_R <=> Cerebelum_6_L,0.0
Rectus_R <=> Cerebelum_4_5_R,0.0
Rectus_R <=> Cerebelum_4_5_L,0.0
Rectus_R <=> Cerebelum_3_R,0.0
Rectus_R <=> Cerebelum_3_L,0.0
Rectus_R <=> Cerebelum_Crus2_R,0.0
Rectus_R <=> Cerebelum_Crus2_L,0.0
Rectus_R <=> Cerebelum_Crus1_R,0.0
Rectus_R <=> Cerebelum_Crus1_L,0.0
Rectus_R <=> Temporal_Inf_R,0.0
Rectus_R <=> Cerebelum_6_R,0.0
Rectus_R <=> Temporal_Inf_L,0.0
Rectus_R <=> Temporal_Pole_Mid_L,0.0
Rectus_R <=> Temporal_Mid_R,0.0
Rectus_R <=> Temporal_Mid_L,0.0
Rectus_R <=> Temporal_Pole_Sup_R,0.0
Rectus_R <=> Temporal_Pole_Sup_L,0.0
Rectus_R <=> Temporal_Sup_R,0.0
Rectus_R <=> Temporal_Sup_L,0.0
Rectus_R <=> Heschl_R,0.0
Rectus_R <=> Heschl_L,0.0
Rectus_R <=> Thalamus_R,0.0
Rectus_R <=> Temporal_Pole_Mid_R,0.0
Rectus_R <=> Thalamus_L,0.0
Rectus_R <=> Cerebelum_7b_L,0.0
Rectus_R <=> Cerebelum_8_L,0.0
Insula_L <=> Hippocampus_R,0.0
Insula_L <=> Hippocampus_L,0.0
Insula_L <=> Cingulum_Post_R,0.0
Insula_L <=> Cingulum_Post_L,0.0
Insula_L <=> Cingulum_Mid_R,0.0
Insula_L <=> Cingulum_Mid_L,0.0
Insula_L <=> Cingulum_Ant_R,0.0
Insula_L <=> Cingulum_Ant_L,0.0
Insula_L <=> Insula_R,0.0
Rectus_R <=> Vermis_10,0.0
Rectus_R <=> Cerebelum_7b_R,0.0
Rectus_R <=> Vermis_9,0.0
Rectus_R <=> Vermis_7,0.0
Rectus_R <=> Vermis_6,0.0
Rectus_R <=> Vermis_4_5,0.0
Rectus_R <=> Vermis_3,0.0
Rectus_R <=> Vermis_1_2,0.0
Rectus_R <=> Cerebelum_10_R,0.0
Rectus_R <=> Cerebelum_10_L,0.0
Rectus_R <=> Cerebelum_9_R,0.0
Rectus_R <=> Cerebelum_9_L,0.0
Rectus_R <=> Cerebelum_8_R,0.0
Rectus_R <=> Vermis_8,0.0
Rectus_R <=> Pallidum_R,0.0
Rectus_R <=> Pallidum_L,0.0
Rectus_R <=> Putamen_R,0.0
Rectus_R <=> Cuneus_R,0.0
Rectus_R <=> Cuneus_L,0.0
Rectus_R <=> Calcarine_R,0.0
Rectus_R <=> Calcarine_L,0.0
Rectus_R <=> Amygdala_R,0.0
Rectus_R <=> Amygdala_L,0.0
Rectus_R <=> ParaHippocampal_R,0.0
Rectus_R <=> ParaHippocampal_L,0.0
Rectus_R <=> Hippocampus_R,0.0
Rectus_R <=> Hippocampus_L,0.0
Rectus_R <=> Lingual_L,0.0
Rectus_R <=> Cingulum_Post_R,0.0
Rectus_R <=> Cingulum_Mid_R,0.0
Rectus_R <=> Cingulum_Mid_L,0.0
Rectus_R <=> Cingulum_Ant_R,0.0
Rectus_R <=> Cingulum_Ant_L,0.0
Rectus_R <=> Insula_R,0.0
Rectus_R <=> Insula_L,0.0
Rectus_L <=> Vermis_10,0.0
Rectus_L <=> Vermis_9,0.0
Rectus_L <=> Vermis_8,0.0
Rectus_L <=> Vermis_7,0.0
Rectus_R <=> Cingulum_Post_L,0.0
Rectus_R <=> Lingual_R,0.0
Rectus_R <=> Occipital_Sup_L,0.0
Rectus_R <=> Occipital_Sup_R,0.0
Rectus_R <=> Putamen_L,0.0
Rectus_R <=> Caudate_R,0.0
Rectus_R <=> Caudate_L,0.0
Rectus_R <=> Paracentral_Lobule_R,0.0
Rectus_R <=> Paracentral_Lobule_L,0.0
Rectus_R <=> Precuneus_R,0.0
Rectus_R <=> Precuneus_L,0.0
Rectus_R <=> Angular_R,0.0
Rectus_R <=> Angular_L,0.0
Rectus_R <=> SupraMarginal_R,0.0
Rectus_R <=> SupraMarginal_L,0.0
Rectus_R <=> Parietal_Inf_R,0.0
Rectus_R <=> Parietal_Inf_L,0.0
Rectus_R <=> Parietal_Sup_R,0.0
Rectus_R <=> Parietal_Sup_L,0.0
Rectus_R <=> Postcentral_R,0.0
Rectus_R <=> Postcentral_L,0.0
Rectus_R <=> Fusiform_R,0.0
Rectus_R <=> Fusiform_L,0.0
Rectus_R <=> Occipital_Inf_R,0.0
Rectus_R <=> Occipital_Inf_L,0.0
Rectus_R <=> Occipital_Mid_R,0.0
Rectus_R <=> Occipital_Mid_L,0.0
Insula_L <=> ParaHippocampal_L,0.0
Insula_L <=> ParaHippocampal_R,0.0
Insula_L <=> Amygdala_L,0.0
Insula_L <=> Amygdala_R,0.0
Insula_R <=> Cingulum_Ant_L,0.0
Insula_L <=> Vermis_10,0.0
Insula_L <=> Vermis_9,0.0
Insula_L <=> Vermis_8,0.0
Insula_L <=> Vermis_7,0.0
Insula_L <=> Vermis_6,0.0
Insula_L <=> Vermis_4_5,0.0
Insula_L <=> Vermis_3,0.0
Insula_L <=> Vermis_1_2,0.0
Insula_L <=> Cerebelum_10_R,0.0
Insula_R <=> Cingulum_Ant_R,0.0
Insula_L <=> Cerebelum_10_L,0.0
Insula_L <=> Cerebelum_9_L,0.0
Insula_L <=> Cerebelum_8_R,0.0
Insula_L <=> Cerebelum_8_L,0.0
Insula_L <=> Cerebelum_7b_R,0.0
Insula_L <=> Cerebelum_7b_L,0.0
Insula_L <=> Cerebelum_6_R,0.0
Insula_L <=> Cerebelum_6_L,0.0
Insula_L <=> Cerebelum_4_5_R,0.0
Insula_L <=> Cerebelum_4_5_L,0.0
Insula_L <=> Cerebelum_3_R,0.0
Insula_L <=> Cerebelum_9_R,0.0
Insula_R <=> Cingulum_Mid_L,0.0
Insula_R <=> Cingulum_Mid_R,0.0
Insula_R <=> Cingulum_Post_L,0.0
Insula_R <=> Postcentral_R,0.0
Insula_R <=> Postcentral_L,0.0
Insula_R <=> Fusiform_R,0.0
Insula_R <=> Fusiform_L,0.0
Insula_R <=> Occipital_Inf_R,0.0
Insula_R <=> Occipital_Inf_L,0.0
Insula_R <=> Occipital_Mid_R,0.0
Insula_R <=> Occipital_Mid_L,0.0
Insula_R <=> Occipital_Sup_R,0.0
Insula_R <=> Occipital_Sup_L,0.0
Insula_R <=> Lingual_R,0.0
Insula_R <=> Lingual_L,0.0
Insula_R <=> Cuneus_R,0.0
Insula_R <=> Cuneus_L,0.0
Insula_R <=> Calcarine_R,0.0
Insula_R <=> Calcarine_L,0.0
Insula_R <=> Amygdala_R,0.0
Insula_R <=> Amygdala_L,0.0
Insula_R <=> ParaHippocampal_R,0.0
Insula_R <=> ParaHippocampal_L,0.0
Insula_R <=> Hippocampus_R,0.0
Insula_R <=> Hippocampus_L,0.0
Insula_R <=> Cingulum_Post_R,0.0
Insula_L <=> Cerebelum_3_L,0.0
Rectus_L <=> Vermis_6,0.0
Insula_L <=> Cerebelum_Crus2_R,0.0
Insula_L <=> Cerebelum_Crus1_R,0.0
Insula_L <=> SupraMarginal_R,0.0
Insula_L <=> SupraMarginal_L,0.0
Insula_L <=> Parietal_Inf_R,0.0
Insula_L <=> Parietal_Inf_L,0.0
Insula_L <=> Parietal_Sup_R,0.0
Insula_L <=> Parietal_Sup_L,0.0
Insula_L <=> Postcentral_R,0.0
Insula_L <=> Postcentral_L,0.0
Insula_L <=> Fusiform_R,0.0
Insula_L <=> Fusiform_L,0.0
Insula_L <=> Angular_L,0.0
Insula_L <=> Occipital_Inf_R,0.0
Insula_L <=> Occipital_Mid_R,0.0
Insula_L <=> Occipital_Mid_L,0.0
Insula_L <=> Occipital_Sup_R,0.0
Insula_L <=> Occipital_Sup_L,0.0
Insula_L <=> Lingual_R,0.0
Insula_L <=> Lingual_L,0.0
Insula_L <=> Cuneus_R,0.0
Insula_L <=> Cuneus_L,0.0
Insula_L <=> Calcarine_R,0.0
Insula_L <=> Calcarine_L,0.0
Insula_L <=> Occipital_Inf_L,0.0
Insula_L <=> Angular_R,0.0
Insula_L <=> Precuneus_L,0.0
Insula_L <=> Precuneus_R,0.0
Insula_L <=> Cerebelum_Crus1_L,0.0
Insula_L <=> Temporal_Inf_R,0.0
Insula_L <=> Temporal_Inf_L,0.0
Insula_L <=> Temporal_Pole_Mid_R,0.0
Insula_L <=> Temporal_Pole_Mid_L,0.0
Insula_L <=> Temporal_Mid_R,0.0
Insula_L <=> Temporal_Mid_L,0.0
Insula_L <=> Temporal_Pole_Sup_R,0.0
Insula_L <=> Temporal_Pole_Sup_L,0.0
Insula_L <=> Temporal_Sup_R,0.0
Insula_L <=> Temporal_Sup_L,0.0
Insula_L <=> Heschl_R,0.0
Insula_L <=> Heschl_L,0.0
Insula_L <=> Thalamus_R,0.0
Insula_L <=> Thalamus_L,0.0
Insula_L <=> Pallidum_R,0.0
Insula_L <=> Pallidum_L,0.0
Insula_L <=> Putamen_R,0.0
Insula_L <=> Putamen_L,0.0
Insula_L <=> Caudate_R,0.0
Insula_L <=> Caudate_L,0.0
Insula_L <=> Paracentral_Lobule_R,0.0
Insula_L <=> Paracentral_Lobule_L,0.0
Insula_L <=> Cerebelum_Crus2_L,0.0
Insula_R <=> Parietal_Sup_L,0.0
Rectus_L <=> Vermis_4_5,0.0
Rectus_L <=> Vermis_1_2,0.0
Frontal_Med_Orb_R <=> Angular_L,0.0
Frontal_Med_Orb_R <=> SupraMarginal_R,0.0
Frontal_Med_Orb_R <=> SupraMarginal_L,0.0
Frontal_Med_Orb_R <=> Parietal_Inf_R,0.0
Frontal_Med_Orb_R <=> Parietal_Inf_L,0.0
Frontal_Med_Orb_R <=> Parietal_Sup_R,0.0
Frontal_Med_Orb_R <=> Parietal_Sup_L,0.0
Frontal_Med_Orb_R <=> Postcentral_R,0.0
Frontal_Med_Orb_R <=> Postcentral_L,0.0
Frontal_Med_Orb_R <=> Fusiform_R,0.0
Frontal_Med_Orb_R <=> Angular_R,0.0
Frontal_Med_Orb_R <=> Fusiform_L,0.0
Frontal_Med_Orb_R <=> Occipital_Inf_L,0.0
Frontal_Med_Orb_R <=> Occipital_Mid_R,0.0
Frontal_Med_Orb_R <=> Occipital_Mid_L,0.0
Frontal_Med_Orb_R <=> Occipital_Sup_R,0.0
Frontal_Med_Orb_R <=> Occipital_Sup_L,0.0
Frontal_Med_Orb_R <=> Lingual_R,0.0
Frontal_Med_Orb_R <=> Lingual_L,0.0
Frontal_Med_Orb_R <=> Cuneus_R,0.0
Frontal_Med_Orb_R <=> Cuneus_L,0.0
Frontal_Med_Orb_R <=> Calcarine_R,0.0
Frontal_Med_Orb_R <=> Occipital_Inf_R,0.0
Frontal_Med_Orb_R <=> Calcarine_L,0.0
Frontal_Med_Orb_R <=> Precuneus_L,0.0
Frontal_Med_Orb_R <=> Paracentral_Lobule_L,0.0
Frontal_Med_Orb_R <=> Cerebelum_Crus1_L,0.0
Frontal_Med_Orb_R <=> Temporal_Inf_R,0.0
Frontal_Med_Orb_R <=> Temporal_Inf_L,0.0
Frontal_Med_Orb_R <=> Temporal_Pole_Mid_R,0.0
Frontal_Med_Orb_R <=> Temporal_Pole_Mid_L,0.0
Frontal_Med_Orb_R <=> Temporal_Mid_R,0.0
Frontal_Med_Orb_R <=> Temporal_Mid_L,0.0
Frontal_Med_Orb_R <=> Temporal_Pole_Sup_R,0.0
Frontal_Med_Orb_R <=> Temporal_Pole_Sup_L,0.0
Frontal_Med_Orb_R <=> Temporal_Sup_R,0.0
Frontal_Med_Orb_R <=> Precuneus_R,0.0
Frontal_Med_Orb_R <=> Temporal_Sup_L,0.0
Frontal_Med_Orb_R <=> Heschl_L,0.0
Frontal_Med_Orb_R <=> Thalamus_R,0.0
Frontal_Med_Orb_R <=> Thalamus_L,0.0
Frontal_Med_Orb_R <=> Pallidum_R,0.0
Frontal_Med_Orb_R <=> Pallidum_L,0.0
Frontal_Med_Orb_R <=> Putamen_R,0.0
Frontal_Med_Orb_R <=> Putamen_L,0.0
Frontal_Med_Orb_R <=> Caudate_R,0.0
Frontal_Med_Orb_R <=> Caudate_L,0.0
Frontal_Med_Orb_R <=> Paracentral_Lobule_R,0.0
Frontal_Med_Orb_R <=> Heschl_R,0.0
Frontal_Med_Orb_R <=> Amygdala_R,0.0
Frontal_Med_Orb_R <=> Amygdala_L,0.0
Frontal_Med_Orb_R <=> ParaHippocampal_R,0.0
Frontal_Med_Orb_L <=> Cerebelum_7b_R,0.0
Frontal_Med_Orb_L <=> Cerebelum_7b_L,0.0
Frontal_Med_Orb_L <=> Cerebelum_6_R,0.0
Frontal_Med_Orb_L <=> Cerebelum_6_L,0.0
Frontal_Med_Orb_L <=> Cerebelum_4_5_R,0.0
Frontal_Med_Orb_L <=> Cerebelum_4_5_L,0.0
Frontal_Med_Orb_L <=> Cerebelum_3_R,0.0
Frontal_Med_Orb_L <=> Cerebelum_3_L,0.0
Frontal_Med_Orb_L <=> Cerebelum_Crus2_R,0.0
Frontal_Med_Orb_L <=> Cerebelum_Crus2_L,0.0
Frontal_Med_Orb_L <=> Cerebelum_8_L,0.0
Frontal_Med_Orb_L <=> Cerebelum_Crus1_R,0.0
Frontal_Med_Orb_L <=> Temporal_Inf_R,0.0
Frontal_Med_Orb_L <=> Temporal_Inf_L,0.0
Frontal_Med_Orb_L <=> Temporal_Pole_Mid_R,0.0
Frontal_Med_Orb_L <=> Temporal_Pole_Mid_L,0.0
Frontal_Med_Orb_L <=> Temporal_Mid_R,0.0
Frontal_Med_Orb_L <=> Temporal_Mid_L,0.0
Frontal_Med_Orb_L <=> Temporal_Pole_Sup_R,0.0
Frontal_Med_Orb_L <=> Temporal_Pole_Sup_L,0.0
Frontal_Med_Orb_L <=> Temporal_Sup_R,0.0
Frontal_Inf_Orb_R <=> Temporal_Inf_R,0.0
Frontal_Med_Orb_L <=> Cerebelum_Crus1_L,0.0
Frontal_Med_Orb_L <=> Cerebelum_8_R,0.0
Frontal_Med_Orb_L <=> Cerebelum_9_L,0.0
Frontal_Med_Orb_L <=> Cerebelum_9_R,0.0
Frontal_Med_Orb_R <=> ParaHippocampal_L,0.0
Frontal_Med_Orb_R <=> Hippocampus_R,0.0
Frontal_Med_Orb_R <=> Hippocampus_L,0.0
Frontal_Med_Orb_R <=> Cingulum_Post_R,0.0
Frontal_Med_Orb_R <=> Cingulum_Post_L,0.0
Frontal_Med_Orb_R <=> Cingulum_Mid_R,0.0
Frontal_Med_Orb_R <=> Cingulum_Mid_L,0.0
Frontal_Med_Orb_R <=> Cingulum_Ant_R,0.0
Frontal_Med_Orb_R <=> Cingulum_Ant_L,0.0
Frontal_Med_Orb_R <=> Insula_R,0.0
Frontal_Med_Orb_R <=> Insula_L,0.0
Frontal_Med_Orb_R <=> Rectus_R,0.0
Frontal_Med_Orb_R <=> Rectus_L,0.0
Frontal_Med_Orb_L <=> Vermis_10,0.0
Frontal_Med_Orb_L <=> Vermis_9,0.0
Frontal_Med_Orb_L <=> Vermis_8,0.0
Frontal_Med_Orb_L <=> Vermis_7,0.0
Frontal_Med_Orb_L <=> Vermis_6,0.0
Frontal_Med_Orb_L <=> Vermis_4_5,0.0
Frontal_Med_Orb_L <=> Vermis_3,0.0
Frontal_Med_Orb_L <=> Vermis_1_2,0.0
Frontal_Med_Orb_L <=> Cerebelum_10_R,0.0
Frontal_Med_Orb_L <=> Cerebelum_10_L,0.0
Frontal_Med_Orb_R <=> Cerebelum_Crus1_R,0.0
Frontal_Med_Orb_R <=> Cerebelum_Crus2_L,0.0
Frontal_Med_Orb_R <=> Cerebelum_Crus2_R,0.0
Frontal_Med_Orb_R <=> Cerebelum_3_L,0.0
Rectus_L <=> Temporal_Sup_L,0.0
Rectus_L <=> Heschl_R,0.0
Rectus_L <=> Heschl_L,0.0
Rectus_L <=> Thalamus_R,0.0
Rectus_L <=> Thalamus_L,0.0
Rectus_L <=> Pallidum_R,0.0
Rectus_L <=> Pallidum_L,0.0
Rectus_L <=> Putamen_R,0.0
Rectus_L <=> Putamen_L,0.0
Rectus_L <=> Caudate_R,0.0
Rectus_L <=> Temporal_Sup_R,0.0
Rectus_L <=> Caudate_L,0.0
Rectus_L <=> Paracentral_Lobule_L,0.0
Rectus_L <=> Precuneus_R,0.0
Rectus_L <=> Precuneus_L,0.0
Rectus_L <=> Angular_R,0.0
Rectus_L <=> Angular_L,0.0
Rectus_L <=> SupraMarginal_R,0.0
Rectus_L <=> SupraMarginal_L,0.0
Rectus_L <=> Parietal_Inf_R,0.0
Rectus_L <=> Parietal_Inf_L,0.0
Rectus_L <=> Parietal_Sup_R,0.0
Rectus_L <=> Paracentral_Lobule_R,0.0
Rectus_L <=> Temporal_Pole_Sup_L,0.0
Rectus_L <=> Temporal_Pole_Sup_R,0.0
Rectus_L <=> Temporal_Mid_L,0.0
Rectus_L <=> Cerebelum_10_R,0.0
Rectus_L <=> Cerebelum_10_L,0.0
Rectus_L <=> Cerebelum_9_R,0.0
Rectus_L <=> Cerebelum_9_L,0.0
Rectus_L <=> Cerebelum_8_R,0.0
Rectus_L <=> Cerebelum_8_L,0.0
Rectus_L <=> Cerebelum_7b_R,0.0
Rectus_L <=> Cerebelum_7b_L,0.0
Rectus_L <=> Cerebelum_6_R,0.0
Rectus_L <=> Cerebelum_6_L,0.0
Rectus_L <=> Cerebelum_4_5_R,0.0
Rectus_L <=> Cerebelum_4_5_L,0.0
Rectus_L <=> Cerebelum_3_R,0.0
Rectus_L <=> Cerebelum_3_L,0.0
Rectus_L <=> Cerebelum_Crus2_R,0.0
Rectus_L <=> Cerebelum_Crus2_L,0.0
Rectus_L <=> Cerebelum_Crus1_R,0.0
Rectus_L <=> Cerebelum_Crus1_L,0.0
Rectus_L <=> Temporal_Inf_R,0.0
Rectus_L <=> Temporal_Inf_L,0.0
Rectus_L <=> Temporal_Pole_Mid_R,0.0
Rectus_L <=> Temporal_Pole_Mid_L,0.0
Rectus_L <=> Temporal_Mid_R,0.0
Rectus_L <=> Parietal_Sup_L,0.0
Rectus_L <=> Vermis_3,0.0
Rectus_L <=> Postcentral_R,0.0
Rectus_L <=> Fusiform_R,0.0
Rectus_L <=> Rectus_R,0.0
Frontal_Med_Orb_R <=> Vermis_10,0.0
Frontal_Med_Orb_R <=> Vermis_9,0.0
Frontal_Med_Orb_R <=> Vermis_8,0.0
Frontal_Med_Orb_R <=> Vermis_7,0.0
Frontal_Med_Orb_R <=> Vermis_6,0.0
Frontal_Med_Orb_R <=> Vermis_4_5,0.0
Frontal_Med_Orb_R <=> Vermis_3,0.0
Frontal_Med_Orb_R <=> Vermis_1_2,0.0
Frontal_Med_Orb_R <=> Cerebelum_10_R,0.0
Rectus_L <=> Insula_L,0.0
Frontal_Med_Orb_R <=> Cerebelum_10_L,0.0
Frontal_Med_Orb_R <=> Cerebelum_9_L,0.0
Frontal_Med_Orb_R <=> Cerebelum_8_R,0.0
Frontal_Med_Orb_R <=> Cerebelum_8_L,0.0
Frontal_Med_Orb_R <=> Cerebelum_7b_R,0.0
Frontal_Med_Orb_R <=> Cerebelum_7b_L,0.0
Frontal_Med_Orb_R <=> Cerebelum_6_R,0.0
Frontal_Med_Orb_R <=> Cerebelum_6_L,0.0
Frontal_Med_Orb_R <=> Cerebelum_4_5_R,0.0
Frontal_Med_Orb_R <=> Cerebelum_4_5_L,0.0
Frontal_Med_Orb_R <=> Cerebelum_3_R,0.0
Frontal_Med_Orb_R <=> Cerebelum_9_R,0.0
Rectus_L <=> Insula_R,0.0
Rectus_L <=> Cingulum_Ant_L,0.0
Rectus_L <=> Cingulum_Ant_R,0.0
Rectus_L <=> Fusiform_L,0.0
Rectus_L <=> Occipital_Inf_R,0.0
Rectus_L <=> Occipital_Inf_L,0.0
Rectus_L <=> Occipital_Mid_R,0.0
Rectus_L <=> Occipital_Mid_L,0.0
Rectus_L <=> Occipital_Sup_R,0.0
Rectus_L <=> Occipital_Sup_L,0.0
Rectus_L <=> Lingual_R,0.0
Rectus_L <=> Lingual_L,0.0
Rectus_L <=> Cuneus_R,0.0
Rectus_L <=> Cuneus_L,0.0
Rectus_L <=> Calcarine_R,0.0
Rectus_L <=> Calcarine_L,0.0
Rectus_L <=> Amygdala_R,0.0
Rectus_L <=> Amygdala_L,0.0
Rectus_L <=> ParaHippocampal_R,0.0
Rectus_L <=> ParaHippocampal_L,0.0
Rectus_L <=> Hippocampus_R,0.0
Rectus_L <=> Hippocampus_L,0.0
Rectus_L <=> Cingulum_Post_R,0.0
Rectus_L <=> Cingulum_Post_L,0.0
Rectus_L <=> Cingulum_Mid_R,0.0
Rectus_L <=> Cingulum_Mid_L,0.0
Rectus_L <=> Postcentral_L,0.0
Insula_R <=> Parietal_Sup_R,0.0
Insula_R <=> Parietal_Inf_L,0.0
Insula_R <=> Parietal_Inf_R,0.0
Cingulum_Mid_L <=> Cerebelum_7b_L,0.0
Cingulum_Mid_L <=> Cerebelum_6_R,0.0
Cingulum_Mid_L <=> Cerebelum_6_L,0.0
Cingulum_Mid_L <=> Cerebelum_4_5_R,0.0
Cingulum_Mid_L <=> Cerebelum_4_5_L,0.0
Cingulum_Mid_L <=> Cerebelum_3_R,0.0
Cingulum_Mid_L <=> Cerebelum_3_L,0.0
Cingulum_Mid_L <=> Cerebelum_Crus2_R,0.0
Cingulum_Mid_L <=> Cerebelum_Crus2_L,0.0
Cingulum_Mid_L <=> Cerebelum_Crus1_R,0.0
Cingulum_Mid_L <=> Cerebelum_7b_R,0.0
Cingulum_Mid_L <=> Cerebelum_Crus1_L,0.0
Cingulum_Mid_L <=> Temporal_Inf_L,0.0
Cingulum_Mid_L <=> Temporal_Pole_Mid_R,0.0
Cingulum_Mid_L <=> Temporal_Pole_Mid_L,0.0
Cingulum_Mid_L <=> Temporal_Mid_R,0.0
Cingulum_Mid_L <=> Temporal_Mid_L,0.0
Cingulum_Mid_L <=> Temporal_Pole_Sup_R,0.0
Cingulum_Mid_L <=> Temporal_Pole_Sup_L,0.0
Cingulum_Mid_L <=> Temporal_Sup_R,0.0
Cingulum_Mid_L <=> Temporal_Sup_L,0.0
Cingulum_Mid_L <=> Heschl_R,0.0
Cingulum_Mid_L <=> Temporal_Inf_R,0.0
Cingulum_Mid_L <=> Heschl_L,0.0
Cingulum_Mid_L <=> Cerebelum_8_L,0.0
Cingulum_Mid_L <=> Cerebelum_9_L,0.0
Cingulum_Mid_R <=> Cuneus_L,0.0
Cingulum_Mid_R <=> Calcarine_R,0.0
Cingulum_Mid_R <=> Calcarine_L,0.0
Cingulum_Mid_R <=> Amygdala_R,0.0
Cingulum_Mid_R <=> Amygdala_L,0.0
Cingulum_Mid_R <=> ParaHippocampal_R,0.0
Cingulum_Mid_R <=> ParaHippocampal_L,0.0
Cingulum_Mid_R <=> Hippocampus_R,0.0
Cingulum_Mid_R <=> Hippocampus_L,0.0
Cingulum_Mid_R <=> Cingulum_Post_R,0.0
Cingulum_Mid_L <=> Cerebelum_8_R,0.0
Cingulum_Mid_R <=> Cingulum_Post_L,0.0
Cingulum_Mid_L <=> Vermis_9,0.0
Cingulum_Mid_L <=> Vermis_8,0.0
Cingulum_Mid_L <=> Vermis_7,0.0
Cingulum_Mid_L <=> Vermis_6,0.0
Cingulum_Mid_L <=> Vermis_4_5,0.0
Cingulum_Mid_L <=> Vermis_3,0.0
Cingulum_Mid_L <=> Vermis_1_2,0.0
Cingulum_Mid_L <=> Cerebelum_10_R,0.0
Cingulum_Mid_L <=> Cerebelum_10_L,0.0
Cingulum_Mid_L <=> Cerebelum_9_R,0.0
Cingulum_Mid_L <=> Vermis_10,0.0
Cingulum_Mid_L <=> Thalamus_R,0.0
Cingulum_Mid_L <=> Thalamus_L,0.0
Cingulum_Mid_L <=> Pallidum_R,0.0
Cingulum_Mid_L <=> Lingual_R,0.0
Cingulum_Mid_L <=> Lingual_L,0.0
Cingulum_Mid_L <=> Cuneus_R,0.0
Cingulum_Mid_L <=> Cuneus_L,0.0
Cingulum_Mid_L <=> Calcarine_R,0.0
Cingulum_Mid_L <=> Calcarine_L,0.0
Cingulum_Mid_L <=> Amygdala_R,0.0
Cingulum_Mid_L <=> Amygdala_L,0.0
Cingulum_Mid_L <=> ParaHippocampal_R,0.0
Cingulum_Mid_L <=> ParaHippocampal_L,0.0
Cingulum_Mid_L <=> Occipital_Sup_L,0.0
Cingulum_Mid_L <=> Hippocampus_R,0.0
Cingulum_Mid_L <=> Cingulum_Post_R,0.0
Cingulum_Mid_L <=> Cingulum_Post_L,0.0
Cingulum_Ant_R <=> Vermis_10,0.0
Cingulum_Ant_R <=> Vermis_9,0.0
Cingulum_Ant_R <=> Vermis_8,0.0
Cingulum_Ant_R <=> Vermis_7,0.0
Cingulum_Ant_R <=> Vermis_6,0.0
Cingulum_Ant_R <=> Vermis_4_5,0.0
Cingulum_Ant_R <=> Vermis_3,0.0
Cingulum_Ant_R <=> Vermis_1_2,0.0
Cingulum_Mid_L <=> Hippocampus_L,0.0
Cingulum_Mid_L <=> Occipital_Sup_R,0.0
Cingulum_Mid_L <=> Occipital_Mid_L,0.0
Cingulum_Mid_L <=> Occipital_Mid_R,0.0
Cingulum_Mid_L <=> Pallidum_L,0.0
Cingulum_Mid_L <=> Putamen_R,0.0
Cingulum_Mid_L <=> Putamen_L,0.0
Cingulum_Mid_L <=> Caudate_R,0.0
Cingulum_Mid_L <=> Caudate_L,0.0
Cingulum_Mid_L <=> Paracentral_Lobule_R,0.0
Cingulum_Mid_L <=> Paracentral_Lobule_L,0.0
Cingulum_Mid_L <=> Precuneus_R,0.0
Cingulum_Mid_L <=> Precuneus_L,0.0
Cingulum_Mid_L <=> Angular_R,0.0
Cingulum_Mid_L <=> Angular_L,0.0
Cingulum_Mid_L <=> SupraMarginal_R,0.0
Cingulum_Mid_L <=> SupraMarginal_L,0.0
Cingulum_Mid_L <=> Parietal_Inf_R,0.0
Cingulum_Mid_L <=> Parietal_Inf_L,0.0
Cingulum_Mid_L <=> Parietal_Sup_R,0.0
Cingulum_Mid_L <=> Parietal_Sup_L,0.0
Cingulum_Mid_L <=> Postcentral_R,0.0
Cingulum_Mid_L <=> Postcentral_L,0.0
Cingulum_Mid_L <=> Fusiform_R,0.0
Cingulum_Mid_L <=> Fusiform_L,0.0
Cingulum_Mid_L <=> Occipital_Inf_R,0.0
Cingulum_Mid_L <=> Occipital_Inf_L,0.0
Cingulum_Mid_R <=> Cuneus_R,0.0
Cingulum_Mid_R <=> Lingual_L,0.0
Cingulum_Mid_R <=> Lingual_R,0.0
Cingulum_Mid_R <=> Occipital_Sup_L,0.0
Cingulum_Post_L <=> Calcarine_L,0.0
Cingulum_Post_L <=> Amygdala_R,0.0
Cingulum_Post_L <=> Amygdala_L,0.0
Cingulum_Post_L <=> ParaHippocampal_R,0.0
Cingulum_Post_L <=> ParaHippocampal_L,0.0
Cingulum_Post_L <=> Hippocampus_R,0.0
Cingulum_Post_L <=> Hippocampus_L,0.0
Cingulum_Post_L <=> Cingulum_Post_R,0.0
Cingulum_Mid_R <=> Vermis_10,0.0
Cingulum_Mid_R <=> Vermis_9,0.0
Cingulum_Post_L <=> Calcarine_R,0.0
Cingulum_Mid_R <=> Vermis_8,0.0
Cingulum_Mid_R <=> Vermis_6,0.0
Cingulum_Mid_R <=> Vermis_4_5,0.0
Cingulum_Mid_R <=> Vermis_3,0.0
Cingulum_Mid_R <=> Vermis_1_2,0.0
Cingulum_Mid_R <=> Cerebelum_10_R,0.0
Cingulum_Mid_R <=> Cerebelum_10_L,0.0
Cingulum_Mid_R <=> Cerebelum_9_R,0.0
Cingulum_Mid_R <=> Cerebelum_9_L,0.0
Cingulum_Mid_R <=> Cerebelum_8_R,0.0
Cingulum_Mid_R <=> Cerebelum_8_L,0.0
Cingulum_Mid_R <=> Vermis_7,0.0
Cingulum_Post_L <=> Cuneus_L,0.0
Cingulum_Post_L <=> Cuneus_R,0.0
Cingulum_Post_L <=> Lingual_L,0.0
Cingulum_Post_L <=> Paracentral_Lobule_R,0.0
Cingulum_Post_L <=> Paracentral_Lobule_L,0.0
Cingulum_Post_L <=> Precuneus_R,0.0
Cingulum_Post_L <=> Precuneus_L,0.0
Cingulum_Post_L <=> Angular_R,0.0
Cingulum_Post_L <=> Angular_L,0.0
Cingulum_Post_L <=> SupraMarginal_R,0.0
Cingulum_Post_L <=> SupraMarginal_L,0.0
Cingulum_Post_L <=> Parietal_Inf_R,0.0
Cingulum_Post_L <=> Parietal_Inf_L,0.0
Cingulum_Post_L <=> Parietal_Sup_R,0.0
Cingulum_Post_L <=> Parietal_Sup_L,0.0
Cingulum_Post_L <=> Postcentral_R,0.0
Cingulum_Post_L <=> Postcentral_L,0.0
Cingulum_Post_L <=> Fusiform_R,0.0
Cingulum_Post_L <=> Fusiform_L,0.0
Cingulum_Post_L <=> Occipital_Inf_R,0.0
Cingulum_Post_L <=> Occipital_Inf_L,0.0
Cingulum_Post_L <=> Occipital_Mid_R,0.0
Cingulum_Post_L <=> Occipital_Mid_L,0.0
Cingulum_Post_L <=> Occipital_Sup_R,0.0
Cingulum_Post_L <=> Occipital_Sup_L,0.0
Cingulum_Post_L <=> Lingual_R,0.0
Cingulum_Mid_R <=> Cerebelum_7b_R,0.0
Cingulum_Ant_R <=> Cerebelum_10_R,0.0
Cingulum_Mid_R <=> Cerebelum_7b_L,0.0
Cingulum_Mid_R <=> Cerebelum_6_L,0.0
Cingulum_Mid_R <=> Caudate_L,0.0
Cingulum_Mid_R <=> Paracentral_Lobule_R,0.0
Cingulum_Mid_R <=> Paracentral_Lobule_L,0.0
Cingulum_Mid_R <=> Precuneus_R,0.0
Cingulum_Mid_R <=> Precuneus_L,0.0
Cingulum_Mid_R <=> Angular_R,0.0
Cingulum_Mid_R <=> Angular_L,0.0
Cingulum_Mid_R <=> SupraMarginal_R,0.0
Cingulum_Mid_R <=> SupraMarginal_L,0.0
Cingulum_Mid_R <=> Parietal_Inf_R,0.0
Cingulum_Mid_R <=> Caudate_R,0.0
Cingulum_Mid_R <=> Parietal_Inf_L,0.0
Cingulum_Mid_R <=> Parietal_Sup_L,0.0
Cingulum_Mid_R <=> Postcentral_R,0.0
Cingulum_Mid_R <=> Postcentral_L,0.0
Cingulum_Mid_R <=> Fusiform_R,0.0
Cingulum_Mid_R <=> Fusiform_L,0.0
Cingulum_Mid_R <=> Occipital_Inf_R,0.0
Cingulum_Mid_R <=> Occipital_Inf_L,0.0
Cingulum_Mid_R <=> Occipital_Mid_R,0.0
Cingulum_Mid_R <=> Occipital_Mid_L,0.0
Cingulum_Mid_R <=> Occipital_Sup_R,0.0
Cingulum_Mid_R <=> Parietal_Sup_R,0.0
Cingulum_Mid_R <=> Putamen_L,0.0
Cingulum_Mid_R <=> Putamen_R,0.0
Cingulum_Mid_R <=> Pallidum_L,0.0
Cingulum_Mid_R <=> Cerebelum_4_5_R,0.0
Cingulum_Mid_R <=> Cerebelum_4_5_L,0.0
Cingulum_Mid_R <=> Cerebelum_3_R,0.0
Cingulum_Mid_R <=> Cerebelum_3_L,0.0
Cingulum_Mid_R <=> Cerebelum_Crus2_R,0.0
Cingulum_Mid_R <=> Cerebelum_Crus2_L,0.0
Cingulum_Mid_R <=> Cerebelum_Crus1_R,0.0
Cingulum_Mid_R <=> Cerebelum_Crus1_L,0.0
Cingulum_Mid_R <=> Temporal_Inf_R,0.0
Cingulum_Mid_R <=> Temporal_Inf_L,0.0
Cingulum_Mid_R <=> Temporal_Pole_Mid_R,0.0
Cingulum_Mid_R <=> Temporal_Pole_Mid_L,0.0
Cingulum_Mid_R <=> Temporal_Mid_R,0.0
Cingulum_Mid_R <=> Temporal_Mid_L,0.0
Cingulum_Mid_R <=> Temporal_Pole_Sup_R,0.0
Cingulum_Mid_R <=> Temporal_Pole_Sup_L,0.0
Cingulum_Mid_R <=> Temporal_Sup_R,0.0
Cingulum_Mid_R <=> Temporal_Sup_L,0.0
Cingulum_Mid_R <=> Heschl_R,0.0
Cingulum_Mid_R <=> Heschl_L,0.0
Cingulum_Mid_R <=> Thalamus_R,0.0
Cingulum_Mid_R <=> Thalamus_L,0.0
Cingulum_Mid_R <=> Pallidum_R,0.0
Cingulum_Mid_R <=> Cerebelum_6_R,0.0
Cingulum_Ant_R <=> Cerebelum_10_L,0.0
Cingulum_Ant_R <=> Cerebelum_9_R,0.0
Cingulum_Ant_R <=> Cerebelum_9_L,0.0
Cingulum_Ant_L <=> Occipital_Mid_R,0.0
Cingulum_Ant_L <=> Occipital_Mid_L,0.0
Cingulum_Ant_L <=> Occipital_Sup_R,0.0
Cingulum_Ant_L <=> Occipital_Sup_L,0.0
Cingulum_Ant_L <=> Lingual_R,0.0
Cingulum_Ant_L <=> Lingual_L,0.0
Cingulum_Ant_L <=> Cuneus_R,0.0
Cingulum_Ant_L <=> Cuneus_L,0.0
Cingulum_Ant_L <=> Calcarine_R,0.0
Cingulum_Ant_L <=> Calcarine_L,0.0
Cingulum_Ant_L <=> Occipital_Inf_L,0.0
Cingulum_Ant_L <=> Amygdala_R,0.0
Cingulum_Ant_L <=> ParaHippocampal_R,0.0
Cingulum_Ant_L <=> ParaHippocampal_L,0.0
Cingulum_Ant_L <=> Hippocampus_R,0.0
Cingulum_Ant_L <=> Hippocampus_L,0.0
Cingulum_Ant_L <=> Cingulum_Post_R,0.0
Cingulum_Ant_L <=> Cingulum_Post_L,0.0
Cingulum_Ant_L <=> Cingulum_Mid_R,0.0
Cingulum_Ant_L <=> Cingulum_Mid_L,0.0
Cingulum_Ant_L <=> Cingulum_Ant_R,0.0
Insula_R <=> Vermis_10,0.0
Cingulum_Ant_L <=> Amygdala_L,0.0
Cingulum_Ant_L <=> Occipital_Inf_R,0.0
Cingulum_Ant_L <=> Fusiform_L,0.0
Cingulum_Ant_L <=> Fusiform_R,0.0
Cingulum_Ant_L <=> Heschl_L,0.0
Cingulum_Ant_L <=> Thalamus_R,0.0
Cingulum_Ant_L <=> Thalamus_L,0.0
Cingulum_Ant_L <=> Pallidum_R,0.0
Cingulum_Ant_L <=> Pallidum_L,0.0
Cingulum_Ant_L <=> Putamen_R,0.0
Cingulum_Ant_L <=> Putamen_L,0.0
Cingulum_Ant_L <=> Caudate_R,0.0
Cingulum_Ant_L <=> Caudate_L,0.0
Cingulum_Ant_L <=> Paracentral_Lobule_R,0.0
Cingulum_Ant_L <=> Paracentral_Lobule_L,0.0
Cingulum_Ant_L <=> Precuneus_R,0.0
Cingulum_Ant_L <=> Precuneus_L,0.0
Cingulum_Ant_L <=> Angular_R,0.0
Cingulum_Ant_L <=> Angular_L,0.0
Cingulum_Ant_L <=> SupraMarginal_R,0.0
Cingulum_Ant_L <=> SupraMarginal_L,0.0
Cingulum_Ant_L <=> Parietal_Inf_R,0.0
Cingulum_Ant_L <=> Parietal_Inf_L,0.0
Cingulum_Ant_L <=> Parietal_Sup_R,0.0
Cingulum_Ant_L <=> Parietal_Sup_L,0.0
Cingulum_Ant_L <=> Postcentral_R,0.0
Cingulum_Ant_L <=> Postcentral_L,0.0
Insula_R <=> Vermis_9,0.0
Cingulum_Ant_L <=> Heschl_R,0.0
Insula_R <=> Vermis_8,0.0
Insula_R <=> Vermis_6,0.0
Insula_R <=> Temporal_Pole_Sup_R,0.0
Insula_R <=> Temporal_Pole_Sup_L,0.0
Insula_R <=> Temporal_Sup_R,0.0
Insula_R <=> Temporal_Sup_L,0.0
Insula_R <=> Heschl_R,0.0
Insula_R <=> Heschl_L,0.0
Insula_R <=> Thalamus_R,0.0
Insula_R <=> Thalamus_L,0.0
Insula_R <=> Pallidum_R,0.0
Insula_R <=> Pallidum_L,0.0
Insula_R <=> Temporal_Mid_L,0.0
Insula_R <=> Putamen_R,0.0
Insula_R <=> Caudate_R,0.0
Insula_R <=> Caudate_L,0.0
Insula_R <=> Paracentral_Lobule_R,0.0
Insula_R <=> Paracentral_Lobule_L,0.0
Insula_R <=> Precuneus_R,0.0
Insula_R <=> Precuneus_L,0.0
Insula_R <=> Angular_R,0.0
Insula_R <=> Angular_L,0.0
Insula_R <=> SupraMarginal_R,0.0
Insula_R <=> SupraMarginal_L,0.0
Insula_R <=> Putamen_L,0.0
Insula_R <=> Temporal_Mid_R,0.0
Insula_R <=> Temporal_Pole_Mid_L,0.0
Insula_R <=> Temporal_Pole_Mid_R,0.0
Insula_R <=> Vermis_4_5,0.0
Insula_R <=> Vermis_3,0.0
Insula_R <=> Vermis_1_2,0.0
Insula_R <=> Cerebelum_10_R,0.0
Insula_R <=> Cerebelum_10_L,0.0
Insula_R <=> Cerebelum_9_R,0.0
Insula_R <=> Cerebelum_9_L,0.0
Insula_R <=> Cerebelum_8_R,0.0
Insula_R <=> Cerebelum_8_L,0.0
Insula_R <=> Cerebelum_7b_R,0.0
Insula_R <=> Cerebelum_7b_L,0.0
Insula_R <=> Cerebelum_6_R,0.0
Insula_R <=> Cerebelum_6_L,0.0
Insula_R <=> Cerebelum_4_5_R,0.0
Insula_R <=> Cerebelum_4_5_L,0.0
Insula_R <=> Cerebelum_3_R,0.0
Insula_R <=> Cerebelum_3_L,0.0
Insula_R <=> Cerebelum_Crus2_R,0.0
Insula_R <=> Cerebelum_Crus2_L,0.0
Insula_R <=> Cerebelum_Crus1_R,0.0
Insula_R <=> Cerebelum_Crus1_L,0.0
Insula_R <=> Temporal_Inf_R,0.0
Insula_R <=> Temporal_Inf_L,0.0
Insula_R <=> Vermis_7,0.0
Frontal_Med_Orb_L <=> Heschl_R,0.0
Cingulum_Ant_L <=> Temporal_Sup_L,0.0
Cingulum_Ant_L <=> Temporal_Pole_Sup_L,0.0
Cingulum_Ant_R <=> Pallidum_L,0.0
Cingulum_Ant_R <=> Putamen_R,0.0
Cingulum_Ant_R <=> Putamen_L,0.0
Cingulum_Ant_R <=> Caudate_R,0.0
Cingulum_Ant_R <=> Caudate_L,0.0
Cingulum_Ant_R <=> Paracentral_Lobule_R,0.0
Cingulum_Ant_R <=> Paracentral_Lobule_L,0.0
Cingulum_Ant_R <=> Precuneus_R,0.0
Cingulum_Ant_R <=> Precuneus_L,0.0
Cingulum_Ant_R <=> Angular_R,0.0
Cingulum_Ant_R <=> Pallidum_R,0.0
Cingulum_Ant_R <=> Angular_L,0.0
Cingulum_Ant_R <=> Parietal_Inf_R,0.0
Cingulum_Ant_R <=> Parietal_Inf_L,0.0
Cingulum_Ant_R <=> Parietal_Sup_R,0.0
Cingulum_Ant_R <=> Parietal_Sup_L,0.0
Cingulum_Ant_R <=> Postcentral_R,0.0
Cingulum_Ant_R <=> Postcentral_L,0.0
Cingulum_Ant_R <=> Fusiform_R,0.0
Cingulum_Ant_R <=> Fusiform_L,0.0
Cingulum_Ant_R <=> Occipital_Inf_R,0.0
Cingulum_Ant_R <=> Occipital_Inf_L,0.0
Cingulum_Ant_R <=> SupraMarginal_R,0.0
Cingulum_Ant_R <=> Thalamus_L,0.0
Cingulum_Ant_R <=> Thalamus_R,0.0
Cingulum_Ant_R <=> Heschl_L,0.0
Cingulum_Ant_R <=> Cerebelum_8_R,0.0
Cingulum_Ant_R <=> Cerebelum_7b_R,0.0
Cingulum_Ant_R <=> Cerebelum_7b_L,0.0
Cingulum_Ant_R <=> Cerebelum_6_R,0.0
Cingulum_Ant_R <=> Cerebelum_6_L,0.0
Cingulum_Ant_R <=> Cerebelum_4_5_R,0.0
Cingulum_Ant_R <=> Cerebelum_4_5_L,0.0
Cingulum_Ant_R <=> Cerebelum_3_R,0.0
Cingulum_Ant_R <=> Cerebelum_3_L,0.0
Cingulum_Ant_R <=> Cerebelum_Crus2_R,0.0
Cingulum_Ant_R <=> Cerebelum_Crus2_L,0.0
Cingulum_Ant_R <=> Cerebelum_Crus1_R,0.0
Cingulum_Ant_R <=> Cerebelum_Crus1_L,0.0
Cingulum_Ant_R <=> Temporal_Inf_R,0.0
Cingulum_Ant_R <=> Temporal_Inf_L,0.0
Cingulum_Ant_R <=> Temporal_Pole_Mid_R,0.0
Cingulum_Ant_R <=> Temporal_Pole_Mid_L,0.0
Cingulum_Ant_R <=> Temporal_Mid_R,0.0
Cingulum_Ant_R <=> Temporal_Pole_Sup_R,0.0
Cingulum_Ant_R <=> Temporal_Pole_Sup_L,0.0
Cingulum_Ant_R <=> Temporal_Sup_R,0.0
Cingulum_Ant_R <=> Temporal_Sup_L,0.0
Cingulum_Ant_R <=> Heschl_R,0.0
Cingulum_Ant_R <=> Occipital_Mid_R,0.0
Cingulum_Ant_L <=> Temporal_Sup_R,0.0
Cingulum_Ant_R <=> Occipital_Mid_L,0.0
Cingulum_Ant_R <=> Occipital_Sup_L,0.0
Cingulum_Ant_L <=> Cerebelum_9_L,0.0
Cingulum_Ant_L <=> Cerebelum_8_R,0.0
Cingulum_Ant_L <=> Cerebelum_8_L,0.0
Cingulum_Ant_L <=> Cerebelum_7b_R,0.0
Cingulum_Ant_L <=> Cerebelum_7b_L,0.0
Cingulum_Ant_L <=> Cerebelum_6_R,0.0
Cingulum_Ant_L <=> Cerebelum_6_L,0.0
Cingulum_Ant_L <=> Cerebelum_4_5_R,0.0
Cingulum_Ant_L <=> Cerebelum_4_5_L,0.0
Cingulum_Ant_L <=> Cerebelum_3_R,0.0
Cingulum_Ant_L <=> Cerebelum_9_R,0.0
Cingulum_Ant_L <=> Cerebelum_3_L,0.0
Cingulum_Ant_L <=> Cerebelum_Crus2_L,0.0
Cingulum_Ant_L <=> Cerebelum_Crus1_R,0.0
Cingulum_Ant_L <=> Cerebelum_Crus1_L,0.0
Cingulum_Ant_L <=> Temporal_Inf_R,0.0
Cingulum_Ant_L <=> Temporal_Inf_L,0.0
Cingulum_Ant_L <=> Temporal_Pole_Mid_R,0.0
Cingulum_Ant_L <=> Temporal_Pole_Mid_L,0.0
Cingulum_Ant_L <=> Temporal_Mid_R,0.0
Cingulum_Ant_L <=> Temporal_Mid_L,0.0
Cingulum_Ant_L <=> Temporal_Pole_Sup_R,0.0
Cingulum_Ant_L <=> Cerebelum_Crus2_R,0.0
Cingulum_Ant_L <=> Cerebelum_10_L,0.0
Cingulum_Ant_L <=> Cerebelum_10_R,0.0
Cingulum_Ant_L <=> Vermis_1_2,0.0
Cingulum_Ant_R <=> Lingual_R,0.0
Cingulum_Ant_R <=> Lingual_L,0.0
Cingulum_Ant_R <=> Cuneus_R,0.0
Cingulum_Ant_R <=> Cuneus_L,0.0
Cingulum_Ant_R <=> Calcarine_R,0.0
Cingulum_Ant_R <=> Calcarine_L,0.0
Cingulum_Ant_R <=> Amygdala_R,0.0
Cingulum_Ant_R <=> Amygdala_L,0.0
Cingulum_Ant_R <=> ParaHippocampal_R,0.0
Cingulum_Ant_R <=> ParaHippocampal_L,0.0
Cingulum_Ant_R <=> Hippocampus_R,0.0
Cingulum_Ant_R <=> Hippocampus_L,0.0
Cingulum_Ant_R <=> Cingulum_Post_R,0.0
Cingulum_Ant_R <=> Cingulum_Post_L,0.0
Cingulum_Ant_R <=> Cingulum_Mid_R,0.0
Cingulum_Ant_R <=> Cingulum_Mid_L,0.0
Cingulum_Ant_L <=> Vermis_10,0.0
Cingulum_Ant_L <=> Vermis_9,0.0
Cingulum_Ant_L <=> Vermis_8,0.0
Cingulum_Ant_L <=> Vermis_7,0.0
Cingulum_Ant_L <=> Vermis_6,0.0
Cingulum_Ant_L <=> Vermis_4_5,0.0
Cingulum_Ant_L <=> Vermis_3,0.0
Cingulum_Ant_R <=> Occipital_Sup_R,0.0
Frontal_Med_Orb_L <=> Heschl_L,0.0
Frontal_Med_Orb_L <=> Temporal_Sup_L,0.0
Frontal_Med_Orb_L <=> Thalamus_L,0.0
Supp_Motor_Area_L <=> Temporal_Pole_Sup_L,0.0
Supp_Motor_Area_L <=> Temporal_Sup_R,0.0
Supp_Motor_Area_L <=> Temporal_Sup_L,0.0
Supp_Motor_Area_L <=> Heschl_R,0.0
Supp_Motor_Area_L <=> Heschl_L,0.0
Supp_Motor_Area_L <=> Thalamus_R,0.0
Supp_Motor_Area_L <=> Thalamus_L,0.0
Supp_Motor_Area_L <=> Pallidum_R,0.0
Supp_Motor_Area_L <=> Pallidum_L,0.0
Supp_Motor_Area_L <=> Putamen_R,0.0
Supp_Motor_Area_L <=> Temporal_Pole_Sup_R,0.0
Supp_Motor_Area_L <=> Putamen_L,0.0
Supp_Motor_Area_L <=> Caudate_L,0.0
Supp_Motor_Area_L <=> Paracentral_Lobule_R,0.0
Supp_Motor_Area_L <=> Paracentral_Lobule_L,0.0
Supp_Motor_Area_L <=> Precuneus_R,0.0
Supp_Motor_Area_L <=> Precuneus_L,0.0
Supp_Motor_Area_L <=> Angular_R,0.0
Supp_Motor_Area_L <=> Angular_L,0.0
Supp_Motor_Area_L <=> SupraMarginal_R,0.0
Supp_Motor_Area_L <=> SupraMarginal_L,0.0
Supp_Motor_Area_L <=> Parietal_Inf_R,0.0
Supp_Motor_Area_L <=> Caudate_R,0.0
Supp_Motor_Area_L <=> Parietal_Inf_L,0.0
Supp_Motor_Area_L <=> Temporal_Mid_L,0.0
Supp_Motor_Area_L <=> Temporal_Pole_Mid_L,0.0
Supp_Motor_Area_L <=> Vermis_1_2,0.0
Supp_Motor_Area_L <=> Cerebelum_10_R,0.0
Supp_Motor_Area_L <=> Cerebelum_10_L,0.0
Supp_Motor_Area_L <=> Cerebelum_9_R,0.0
Supp_Motor_Area_L <=> Cerebelum_9_L,0.0
Supp_Motor_Area_L <=> Cerebelum_8_R,0.0
Supp_Motor_Area_L <=> Cerebelum_8_L,0.0
Supp_Motor_Area_L <=> Cerebelum_7b_R,0.0
Supp_Motor_Area_L <=> Cerebelum_7b_L,0.0
Supp_Motor_Area_L <=> Cerebelum_6_R,0.0
Supp_Motor_Area_L <=> Temporal_Mid_R,0.0
Supp_Motor_Area_L <=> Cerebelum_6_L,0.0
Supp_Motor_Area_L <=> Cerebelum_4_5_L,0.0
Supp_Motor_Area_L <=> Cerebelum_3_R,0.0
Supp_Motor_Area_L <=> Cerebelum_3_L,0.0
Supp_Motor_Area_L <=> Cerebelum_Crus2_R,0.0
Supp_Motor_Area_L <=> Cerebelum_Crus2_L,0.0
Supp_Motor_Area_L <=> Cerebelum_Crus1_R,0.0
Supp_Motor_Area_L <=> Cerebelum_Crus1_L,0.0
Supp_Motor_Area_L <=> Temporal_Inf_R,0.0
Supp_Motor_Area_L <=> Temporal_Inf_L,0.0
Supp_Motor_Area_L <=> Temporal_Pole_Mid_R,0.0
Supp_Motor_Area_L <=> Cerebelum_4_5_R,0.0
Supp_Motor_Area_L <=> Parietal_Sup_R,0.0
Supp_Motor_Area_L <=> Parietal_Sup_L,0.0
Supp_Motor_Area_L <=> Postcentral_R,0.0
Supp_Motor_Area_L <=> Insula_R,0.0
Supp_Motor_Area_L <=> Insula_L,0.0
Supp_Motor_Area_L <=> Rectus_R,0.0
Supp_Motor_Area_L <=> Rectus_L,0.0
Supp_Motor_Area_L <=> Frontal_Med_Orb_R,0.0
Supp_Motor_Area_L <=> Frontal_Med_Orb_L,0.0
Supp_Motor_Area_L <=> Frontal_Sup_Medial_R,0.0
Supp_Motor_Area_L <=> Frontal_Sup_Medial_L,0.0
Supp_Motor_Area_L <=> Olfactory_R,0.0
Supp_Motor_Area_L <=> Olfactory_L,0.0
Supp_Motor_Area_L <=> Cingulum_Ant_L,0.0
Supp_Motor_Area_L <=> Supp_Motor_Area_R,0.0
Rolandic_Oper_R <=> Vermis_9,0.0
Rolandic_Oper_R <=> Vermis_8,0.0
Rolandic_Oper_R <=> Vermis_7,0.0
Rolandic_Oper_R <=> Vermis_6,0.0
Rolandic_Oper_R <=> Vermis_4_5,0.0
Rolandic_Oper_R <=> Vermis_3,0.0
Rolandic_Oper_R <=> Vermis_1_2,0.0
Rolandic_Oper_R <=> Cerebelum_10_R,0.0
Rolandic_Oper_R <=> Cerebelum_10_L,0.0
Rolandic_Oper_R <=> Cerebelum_9_R,0.0
Rolandic_Oper_R <=> Vermis_10,0.0
Supp_Motor_Area_L <=> Cingulum_Ant_R,0.0
Supp_Motor_Area_L <=> Cingulum_Mid_L,0.0
Supp_Motor_Area_L <=> Cingulum_Mid_R,0.0
Supp_Motor_Area_L <=> Postcentral_L,0.0
Supp_Motor_Area_L <=> Fusiform_R,0.0
Supp_Motor_Area_L <=> Fusiform_L,0.0
Supp_Motor_Area_L <=> Occipital_Inf_R,0.0
Supp_Motor_Area_L <=> Occipital_Inf_L,0.0
Supp_Motor_Area_L <=> Occipital_Mid_R,0.0
Supp_Motor_Area_L <=> Occipital_Mid_L,0.0
Supp_Motor_Area_L <=> Occipital_Sup_R,0.0
Supp_Motor_Area_L <=> Occipital_Sup_L,0.0
Supp_Motor_Area_L <=> Lingual_R,0.0
Supp_Motor_Area_L <=> Lingual_L,0.0
Supp_Motor_Area_L <=> Cuneus_R,0.0
Supp_Motor_Area_L <=> Cuneus_L,0.0
Supp_Motor_Area_L <=> Calcarine_R,0.0
Supp_Motor_Area_L <=> Calcarine_L,0.0
Supp_Motor_Area_L <=> Amygdala_R,0.0
Supp_Motor_Area_L <=> Amygdala_L,0.0
Supp_Motor_Area_L <=> ParaHippocampal_R,0.0
Supp_Motor_Area_L <=> ParaHippocampal_L,0.0
Supp_Motor_Area_L <=> Hippocampus_R,0.0
Supp_Motor_Area_L <=> Hippocampus_L,0.0
Supp_Motor_Area_L <=> Cingulum_Post_R,0.0
Supp_Motor_Area_L <=> Cingulum_Post_L,0.0
Supp_Motor_Area_L <=> Vermis_3,0.0
Supp_Motor_Area_L <=> Vermis_4_5,0.0
Supp_Motor_Area_L <=> Vermis_6,0.0
Supp_Motor_Area_L <=> Vermis_7,0.0
Supp_Motor_Area_R <=> Cerebelum_Crus1_R,0.0
Supp_Motor_Area_R <=> Cerebelum_Crus1_L,0.0
Supp_Motor_Area_R <=> Temporal_Inf_R,0.0
Supp_Motor_Area_R <=> Temporal_Inf_L,0.0
Supp_Motor_Area_R <=> Temporal_Pole_Mid_R,0.0
Supp_Motor_Area_R <=> Temporal_Pole_Mid_L,0.0
Supp_Motor_Area_R <=> Temporal_Mid_R,0.0
Supp_Motor_Area_R <=> Temporal_Mid_L,0.0
Supp_Motor_Area_R <=> Temporal_Pole_Sup_R,0.0
Supp_Motor_Area_R <=> Temporal_Pole_Sup_L,0.0
Supp_Motor_Area_R <=> Cerebelum_Crus2_L,0.0
Supp_Motor_Area_R <=> Temporal_Sup_R,0.0
Supp_Motor_Area_R <=> Heschl_R,0.0
Supp_Motor_Area_R <=> Heschl_L,0.0
Supp_Motor_Area_R <=> Thalamus_R,0.0
Supp_Motor_Area_R <=> Thalamus_L,0.0
Supp_Motor_Area_R <=> Pallidum_R,0.0
Supp_Motor_Area_R <=> Pallidum_L,0.0
Supp_Motor_Area_R <=> Putamen_R,0.0
Supp_Motor_Area_R <=> Putamen_L,0.0
Supp_Motor_Area_R <=> Caudate_R,0.0
Supp_Motor_Area_R <=> Caudate_L,0.0
Supp_Motor_Area_R <=> Temporal_Sup_L,0.0
Supp_Motor_Area_R <=> Cerebelum_Crus2_R,0.0
Supp_Motor_Area_R <=> Cerebelum_3_L,0.0
Supp_Motor_Area_R <=> Cerebelum_3_R,0.0
Olfactory_L <=> Frontal_Sup_Medial_R,0.0
Frontal_Med_Orb_L <=> Thalamus_R,0.0
Olfactory_L <=> Olfactory_R,0.0
Supp_Motor_Area_R <=> Vermis_10,0.0
Supp_Motor_Area_R <=> Vermis_9,0.0
Supp_Motor_Area_R <=> Vermis_8,0.0
Supp_Motor_Area_R <=> Vermis_7,0.0
Supp_Motor_Area_R <=> Vermis_6,0.0
Supp_Motor_Area_R <=> Vermis_4_5,0.0
Supp_Motor_Area_R <=> Vermis_3,0.0
Supp_Motor_Area_R <=> Vermis_1_2,0.0
Supp_Motor_Area_R <=> Cerebelum_10_R,0.0
Supp_Motor_Area_R <=> Cerebelum_10_L,0.0
Supp_Motor_Area_R <=> Cerebelum_9_R,0.0
Supp_Motor_Area_R <=> Cerebelum_9_L,0.0
Supp_Motor_Area_R <=> Cerebelum_8_R,0.0
Supp_Motor_Area_R <=> Cerebelum_8_L,0.0
Supp_Motor_Area_R <=> Cerebelum_7b_R,0.0
Supp_Motor_Area_R <=> Cerebelum_7b_L,0.0
Supp_Motor_Area_R <=> Cerebelum_6_R,0.0
Supp_Motor_Area_R <=> Cerebelum_6_L,0.0
Supp_Motor_Area_R <=> Cerebelum_4_5_R,0.0
Supp_Motor_Area_R <=> Cerebelum_4_5_L,0.0
Supp_Motor_Area_R <=> Paracentral_Lobule_R,0.0
Rolandic_Oper_R <=> Cerebelum_9_L,0.0
Supp_Motor_Area_R <=> Paracentral_Lobule_L,0.0
Supp_Motor_Area_R <=> Precuneus_L,0.0
Supp_Motor_Area_R <=> ParaHippocampal_L,0.0
Supp_Motor_Area_R <=> Hippocampus_R,0.0
Supp_Motor_Area_R <=> Hippocampus_L,0.0
Supp_Motor_Area_R <=> Cingulum_Post_R,0.0
Supp_Motor_Area_R <=> Cingulum_Post_L,0.0
Supp_Motor_Area_R <=> Cingulum_Mid_R,0.0
Supp_Motor_Area_R <=> Cingulum_Mid_L,0.0
Supp_Motor_Area_R <=> Cingulum_Ant_R,0.0
Supp_Motor_Area_R <=> Cingulum_Ant_L,0.0
Supp_Motor_Area_R <=> Insula_R,0.0
Supp_Motor_Area_R <=> ParaHippocampal_R,0.0
Supp_Motor_Area_R <=> Insula_L,0.0
Supp_Motor_Area_R <=> Rectus_L,0.0
Supp_Motor_Area_R <=> Frontal_Med_Orb_R,0.0
Supp_Motor_Area_R <=> Frontal_Med_Orb_L,0.0
Supp_Motor_Area_R <=> Frontal_Sup_Medial_R,0.0
Supp_Motor_Area_R <=> Frontal_Sup_Medial_L,0.0
Supp_Motor_Area_R <=> Olfactory_R,0.0
Supp_Motor_Area_R <=> Olfactory_L,0.0
Supp_Motor_Area_L <=> Vermis_10,0.0
Supp_Motor_Area_L <=> Vermis_9,0.0
Supp_Motor_Area_L <=> Vermis_8,0.0
Supp_Motor_Area_R <=> Rectus_R,0.0
Supp_Motor_Area_R <=> Amygdala_L,0.0
Supp_Motor_Area_R <=> Amygdala_R,0.0
Supp_Motor_Area_R <=> Calcarine_L,0.0
Supp_Motor_Area_R <=> Angular_R,0.0
Supp_Motor_Area_R <=> Angular_L,0.0
Supp_Motor_Area_R <=> SupraMarginal_R,0.0
Supp_Motor_Area_R <=> SupraMarginal_L,0.0
Supp_Motor_Area_R <=> Parietal_Inf_R,0.0
Supp_Motor_Area_R <=> Parietal_Inf_L,0.0
Supp_Motor_Area_R <=> Parietal_Sup_R,0.0
Supp_Motor_Area_R <=> Parietal_Sup_L,0.0
Supp_Motor_Area_R <=> Postcentral_R,0.0
Supp_Motor_Area_R <=> Postcentral_L,0.0
Supp_Motor_Area_R <=> Fusiform_R,0.0
Supp_Motor_Area_R <=> Fusiform_L,0.0
Supp_Motor_Area_R <=> Occipital_Inf_R,0.0
Supp_Motor_Area_R <=> Occipital_Inf_L,0.0
Supp_Motor_Area_R <=> Occipital_Mid_R,0.0
Supp_Motor_Area_R <=> Occipital_Mid_L,0.0
Supp_Motor_Area_R <=> Occipital_Sup_R,0.0
Supp_Motor_Area_R <=> Occipital_Sup_L,0.0
Supp_Motor_Area_R <=> Lingual_R,0.0
Supp_Motor_Area_R <=> Lingual_L,0.0
Supp_Motor_Area_R <=> Cuneus_R,0.0
Supp_Motor_Area_R <=> Cuneus_L,0.0
Supp_Motor_Area_R <=> Calcarine_R,0.0
Supp_Motor_Area_R <=> Precuneus_R,0.0
Olfactory_L <=> Frontal_Med_Orb_L,0.0
Rolandic_Oper_R <=> Cerebelum_8_R,0.0
Rolandic_Oper_R <=> Cerebelum_7b_R,0.0
Rolandic_Oper_L <=> Precuneus_L,0.0
Rolandic_Oper_L <=> Angular_R,0.0
Rolandic_Oper_L <=> Angular_L,0.0
Rolandic_Oper_L <=> SupraMarginal_R,0.0
Rolandic_Oper_L <=> SupraMarginal_L,0.0
Rolandic_Oper_L <=> Parietal_Inf_R,0.0
Rolandic_Oper_L <=> Parietal_Inf_L,0.0
Rolandic_Oper_L <=> Parietal_Sup_R,0.0
Rolandic_Oper_L <=> Parietal_Sup_L,0.0
Rolandic_Oper_L <=> Postcentral_R,0.0
Rolandic_Oper_L <=> Precuneus_R,0.0
Rolandic_Oper_L <=> Postcentral_L,0.0
Rolandic_Oper_L <=> Fusiform_L,0.0
Rolandic_Oper_L <=> Occipital_Inf_R,0.0
Rolandic_Oper_L <=> Occipital_Inf_L,0.0
Rolandic_Oper_L <=> Occipital_Mid_R,0.0
Rolandic_Oper_L <=> Occipital_Mid_L,0.0
Rolandic_Oper_L <=> Occipital_Sup_R,0.0
Rolandic_Oper_L <=> Occipital_Sup_L,0.0
Rolandic_Oper_L <=> Lingual_R,0.0
Rolandic_Oper_L <=> Lingual_L,0.0
Rolandic_Oper_L <=> Cuneus_R,0.0
Rolandic_Oper_L <=> Fusiform_R,0.0
Rolandic_Oper_L <=> Cuneus_L,0.0
Rolandic_Oper_L <=> Paracentral_Lobule_L,0.0
Rolandic_Oper_L <=> Caudate_L,0.0
Rolandic_Oper_L <=> Cerebelum_Crus2_L,0.0
Rolandic_Oper_L <=> Cerebelum_Crus1_R,0.0
Rolandic_Oper_L <=> Cerebelum_Crus1_L,0.0
Rolandic_Oper_L <=> Temporal_Inf_R,0.0
Rolandic_Oper_L <=> Temporal_Inf_L,0.0
Rolandic_Oper_L <=> Temporal_Pole_Mid_R,0.0
Rolandic_Oper_L <=> Temporal_Pole_Mid_L,0.0
Rolandic_Oper_L <=> Temporal_Mid_R,0.0
Rolandic_Oper_L <=> Temporal_Mid_L,0.0
Rolandic_Oper_L <=> Temporal_Pole_Sup_R,0.0
Rolandic_Oper_L <=> Paracentral_Lobule_R,0.0
Rolandic_Oper_L <=> Temporal_Pole_Sup_L,0.0
Rolandic_Oper_L <=> Temporal_Sup_L,0.0
Rolandic_Oper_L <=> Heschl_R,0.0
Rolandic_Oper_L <=> Heschl_L,0.0
Rolandic_Oper_L <=> Thalamus_R,0.0
Rolandic_Oper_L <=> Thalamus_L,0.0
Rolandic_Oper_L <=> Pallidum_R,0.0
Rolandic_Oper_L <=> Pallidum_L,0.0
Rolandic_Oper_L <=> Putamen_R,0.0
Rolandic_Oper_L <=> Putamen_L,0.0
Rolandic_Oper_L <=> Caudate_R,0.0
Rolandic_Oper_L <=> Temporal_Sup_R,0.0
Rolandic_Oper_L <=> Calcarine_R,0.0
Rolandic_Oper_L <=> Calcarine_L,0.0
Rolandic_Oper_L <=> Amygdala_R,0.0
Frontal_Inf_Orb_R <=> Vermis_7,0.0
Frontal_Inf_Orb_R <=> Vermis_6,0.0
Frontal_Inf_Orb_R <=> Vermis_4_5,0.0
Frontal_Inf_Orb_R <=> Vermis_3,0.0
Frontal_Inf_Orb_R <=> Vermis_1_2,0.0
Frontal_Inf_Orb_R <=> Cerebelum_10_R,0.0
Frontal_Inf_Orb_R <=> Cerebelum_10_L,0.0
Frontal_Inf_Orb_R <=> Cerebelum_9_R,0.0
Frontal_Inf_Orb_R <=> Cerebelum_9_L,0.0
Frontal_Inf_Orb_R <=> Cerebelum_8_R,0.0
Frontal_Inf_Orb_R <=> Vermis_8,0.0
Frontal_Inf_Orb_R <=> Cerebelum_8_L,0.0
Frontal_Inf_Orb_R <=> Cerebelum_7b_L,0.0
Frontal_Inf_Orb_R <=> Cerebelum_6_R,0.0
Frontal_Inf_Orb_R <=> Cerebelum_6_L,0.0
Frontal_Inf_Orb_R <=> Cerebelum_4_5_R,0.0
Frontal_Inf_Orb_R <=> Cerebelum_4_5_L,0.0
Frontal_Inf_Orb_R <=> Cerebelum_3_R,0.0
Frontal_Inf_Orb_R <=> Cerebelum_3_L,0.0
Frontal_Inf_Orb_R <=> Cerebelum_Crus2_R,0.0
Frontal_Inf_Orb_R <=> Cerebelum_Crus2_L,0.0
Frontal_Inf_Orb_R <=> Cerebelum_Crus1_R,0.0
Frontal_Inf_Orb_R <=> Cerebelum_7b_R,0.0
Frontal_Inf_Orb_R <=> Vermis_9,0.0
Frontal_Inf_Orb_R <=> Vermis_10,0.0
Rolandic_Oper_L <=> Rolandic_Oper_R,0.0
Rolandic_Oper_L <=> Amygdala_L,0.0
Rolandic_Oper_L <=> ParaHippocampal_R,0.0
Rolandic_Oper_L <=> ParaHippocampal_L,0.0
Rolandic_Oper_L <=> Hippocampus_R,0.0
Rolandic_Oper_L <=> Hippocampus_L,0.0
Rolandic_Oper_L <=> Cingulum_Post_R,0.0
Rolandic_Oper_L <=> Cingulum_Post_L,0.0
Rolandic_Oper_L <=> Cingulum_Mid_R,0.0
Rolandic_Oper_L <=> Cingulum_Mid_L,0.0
Rolandic_Oper_L <=> Cingulum_Ant_R,0.0
Rolandic_Oper_L <=> Cingulum_Ant_L,0.0
Rolandic_Oper_L <=> Insula_R,0.0
Rolandic_Oper_L <=> Insula_L,0.0
Rolandic_Oper_L <=> Rectus_R,0.0
Rolandic_Oper_L <=> Rectus_L,0.0
Rolandic_Oper_L <=> Frontal_Med_Orb_R,0.0
Rolandic_Oper_L <=> Frontal_Med_Orb_L,0.0
Rolandic_Oper_L <=> Frontal_Sup_Medial_R,0.0
Rolandic_Oper_L <=> Frontal_Sup_Medial_L,0.0
Rolandic_Oper_L <=> Olfactory_R,0.0
Rolandic_Oper_L <=> Olfactory_L,0.0
Rolandic_Oper_L <=> Supp_Motor_Area_R,0.0
Rolandic_Oper_L <=> Supp_Motor_Area_L,0.0
Rolandic_Oper_L <=> Cerebelum_Crus2_R,0.0
Rolandic_Oper_L <=> Cerebelum_3_L,0.0
Rolandic_Oper_L <=> Cerebelum_3_R,0.0
Rolandic_Oper_L <=> Cerebelum_4_5_L,0.0
Rolandic_Oper_R <=> Putamen_R,0.0
Rolandic_Oper_R <=> Putamen_L,0.0
Rolandic_Oper_R <=> Caudate_R,0.0
Rolandic_Oper_R <=> Caudate_L,0.0
Rolandic_Oper_R <=> Paracentral_Lobule_R,0.0
Rolandic_Oper_R <=> Paracentral_Lobule_L,0.0
Rolandic_Oper_R <=> Precuneus_R,0.0
Rolandic_Oper_R <=> Precuneus_L,0.0
Rolandic_Oper_R <=> Angular_R,0.0
Rolandic_Oper_R <=> Angular_L,0.0
Rolandic_Oper_R <=> Pallidum_L,0.0
Rolandic_Oper_R <=> SupraMarginal_R,0.0
Rolandic_Oper_R <=> Parietal_Inf_R,0.0
Rolandic_Oper_R <=> Parietal_Inf_L,0.0
Rolandic_Oper_R <=> Parietal_Sup_R,0.0
Rolandic_Oper_R <=> Parietal_Sup_L,0.0
Rolandic_Oper_R <=> Postcentral_R,0.0
Rolandic_Oper_R <=> Postcentral_L,0.0
Rolandic_Oper_R <=> Fusiform_R,0.0
Rolandic_Oper_R <=> Fusiform_L,0.0
Rolandic_Oper_R <=> Occipital_Inf_R,0.0
Rolandic_Oper_R <=> Occipital_Inf_L,0.0
Rolandic_Oper_R <=> SupraMarginal_L,0.0
Rolandic_Oper_R <=> Pallidum_R,0.0
Rolandic_Oper_R <=> Thalamus_L,0.0
Rolandic_Oper_R <=> Thalamus_R,0.0
Rolandic_Oper_R <=> Cerebelum_7b_L,0.0
Rolandic_Oper_R <=> Cerebelum_6_R,0.0
Rolandic_Oper_R <=> Cerebelum_6_L,0.0
Rolandic_Oper_R <=> Cerebelum_4_5_R,0.0
Rolandic_Oper_R <=> Cerebelum_4_5_L,0.0
Rolandic_Oper_R <=> Cerebelum_3_R,0.0
Rolandic_Oper_R <=> Cerebelum_3_L,0.0
Rolandic_Oper_R <=> Cerebelum_Crus2_R,0.0
Rolandic_Oper_R <=> Cerebelum_Crus2_L,0.0
Rolandic_Oper_R <=> Cerebelum_Crus1_R,0.0
Rolandic_Oper_R <=> Cerebelum_Crus1_L,0.0
Rolandic_Oper_R <=> Temporal_Inf_R,0.0
Rolandic_Oper_R <=> Temporal_Inf_L,0.0
Rolandic_Oper_R <=> Temporal_Pole_Mid_R,0.0
Rolandic_Oper_R <=> Temporal_Pole_Mid_L,0.0
Rolandic_Oper_R <=> Temporal_Mid_R,0.0
Rolandic_Oper_R <=> Temporal_Mid_L,0.0
Rolandic_Oper_R <=> Temporal_Pole_Sup_R,0.0
Rolandic_Oper_R <=> Temporal_Pole_Sup_L,0.0
Rolandic_Oper_R <=> Temporal_Sup_R,0.0
Rolandic_Oper_R <=> Temporal_Sup_L,0.0
Rolandic_Oper_R <=> Heschl_R,0.0
Rolandic_Oper_R <=> Heschl_L,0.0
Rolandic_Oper_R <=> Occipital_Mid_R,0.0
Rolandic_Oper_R <=> Cerebelum_8_L,0.0
Rolandic_Oper_R <=> Occipital_Mid_L,0.0
Rolandic_Oper_R <=> Occipital_Sup_L,0.0
Rolandic_Oper_R <=> Olfactory_L,0.0
Rolandic_Oper_R <=> Supp_Motor_Area_R,0.0
Rolandic_Oper_R <=> Supp_Motor_Area_L,0.0
Rolandic_Oper_L <=> Vermis_10,0.0
Rolandic_Oper_L <=> Vermis_9,0.0
Rolandic_Oper_L <=> Vermis_8,0.0
Rolandic_Oper_L <=> Vermis_7,0.0
Rolandic_Oper_L <=> Vermis_6,0.0
Rolandic_Oper_L <=> Vermis_4_5,0.0
Rolandic_Oper_L <=> Vermis_3,0.0
Rolandic_Oper_R <=> Olfactory_R,0.0
Rolandic_Oper_L <=> Vermis_1_2,0.0
Rolandic_Oper_L <=> Cerebelum_10_L,0.0
Rolandic_Oper_L <=> Cerebelum_9_R,0.0
Rolandic_Oper_L <=> Cerebelum_9_L,0.0
Rolandic_Oper_L <=> Cerebelum_8_R,0.0
Rolandic_Oper_L <=> Cerebelum_8_L,0.0
Rolandic_Oper_L <=> Cerebelum_7b_R,0.0
Rolandic_Oper_L <=> Cerebelum_7b_L,0.0
Rolandic_Oper_L <=> Cerebelum_6_R,0.0
Rolandic_Oper_L <=> Cerebelum_6_L,0.0
Rolandic_Oper_L <=> Cerebelum_4_5_R,0.0
Rolandic_Oper_L <=> Cerebelum_10_R,0.0
Rolandic_Oper_R <=> Frontal_Sup_Medial_L,0.0
Rolandic_Oper_R <=> Frontal_Sup_Medial_R,0.0
Rolandic_Oper_R <=> Frontal_Med_Orb_L,0.0
Rolandic_Oper_R <=> Lingual_R,0.0
Rolandic_Oper_R <=> Lingual_L,0.0
Rolandic_Oper_R <=> Cuneus_R,0.0
Rolandic_Oper_R <=> Cuneus_L,0.0
Rolandic_Oper_R <=> Calcarine_R,0.0
Rolandic_Oper_R <=> Calcarine_L,0.0
Rolandic_Oper_R <=> Amygdala_R,0.0
Rolandic_Oper_R <=> Amygdala_L,0.0
Rolandic_Oper_R <=> ParaHippocampal_R,0.0
Rolandic_Oper_R <=> ParaHippocampal_L,0.0
Rolandic_Oper_R <=> Hippocampus_R,0.0
Rolandic_Oper_R <=> Hippocampus_L,0.0
Rolandic_Oper_R <=> Cingulum_Post_R,0.0
Rolandic_Oper_R <=> Cingulum_Post_L,0.0
Rolandic_Oper_R <=> Cingulum_Mid_R,0.0
Rolandic_Oper_R <=> Cingulum_Mid_L,0.0
Rolandic_Oper_R <=> Cingulum_Ant_R,0.0
Rolandic_Oper_R <=> Cingulum_Ant_L,0.0
Rolandic_Oper_R <=> Insula_R,0.0
Rolandic_Oper_R <=> Insula_L,0.0
Rolandic_Oper_R <=> Rectus_R,0.0
Rolandic_Oper_R <=> Rectus_L,0.0
Rolandic_Oper_R <=> Frontal_Med_Orb_R,0.0
Rolandic_Oper_R <=> Occipital_Sup_R,0.0
Olfactory_L <=> Frontal_Med_Orb_R,0.0
Olfactory_L <=> Frontal_Sup_Medial_L,0.0
Olfactory_L <=> Rectus_R,0.0
Frontal_Sup_Medial_R <=> Cingulum_Mid_R,0.0
Frontal_Sup_Medial_R <=> Cingulum_Mid_L,0.0
Frontal_Sup_Medial_R <=> Cingulum_Ant_R,0.0
Frontal_Sup_Medial_R <=> Cingulum_Ant_L,0.0
Frontal_Sup_Medial_R <=> Insula_R,0.0
Frontal_Sup_Medial_R <=> Insula_L,0.0
Frontal_Sup_Medial_R <=> Rectus_R,0.0
Frontal_Sup_Medial_R <=> Rectus_L,0.0
Frontal_Sup_Medial_R <=> Frontal_Med_Orb_R,0.0
Frontal_Sup_Medial_R <=> Frontal_Med_Orb_L,0.0
Frontal_Sup_Medial_R <=> Cingulum_Post_L,0.0
Frontal_Sup_Medial_L <=> Vermis_10,0.0
Frontal_Sup_Medial_L <=> Vermis_8,0.0
Frontal_Sup_Medial_L <=> Vermis_7,0.0
Frontal_Sup_Medial_L <=> Vermis_6,0.0
Frontal_Sup_Medial_L <=> Vermis_4_5,0.0
Frontal_Sup_Medial_L <=> Vermis_3,0.0
Frontal_Sup_Medial_L <=> Vermis_1_2,0.0
Frontal_Sup_Medial_L <=> Cerebelum_10_R,0.0
Frontal_Sup_Medial_L <=> Cerebelum_10_L,0.0
Frontal_Sup_Medial_L <=> Cerebelum_9_R,0.0
Frontal_Sup_Medial_L <=> Cerebelum_9_L,0.0
Frontal_Sup_Medial_L <=> Vermis_9,0.0
Frontal_Sup_Medial_R <=> Cingulum_Post_R,0.0
Frontal_Sup_Medial_R <=> Hippocampus_L,0.0
Frontal_Sup_Medial_R <=> Hippocampus_R,0.0
Frontal_Sup_Medial_R <=> Parietal_Inf_L,0.0
Frontal_Sup_Medial_R <=> Parietal_Sup_R,0.0
Frontal_Sup_Medial_R <=> Parietal_Sup_L,0.0
Frontal_Sup_Medial_R <=> Postcentral_R,0.0
Frontal_Sup_Medial_R <=> Postcentral_L,0.0
Frontal_Sup_Medial_R <=> Fusiform_R,0.0
Frontal_Sup_Medial_R <=> Fusiform_L,0.0
Frontal_Sup_Medial_R <=> Occipital_Inf_R,0.0
Frontal_Sup_Medial_R <=> Occipital_Inf_L,0.0
Frontal_Sup_Medial_R <=> Occipital_Mid_R,0.0
Frontal_Sup_Medial_R <=> Occipital_Mid_L,0.0
Frontal_Sup_Medial_R <=> Occipital_Sup_R,0.0
Frontal_Sup_Medial_R <=> Occipital_Sup_L,0.0
Frontal_Sup_Medial_R <=> Lingual_R,0.0
Frontal_Sup_Medial_R <=> Lingual_L,0.0
Frontal_Sup_Medial_R <=> Cuneus_R,0.0
Frontal_Sup_Medial_R <=> Cuneus_L,0.0
Frontal_Sup_Medial_R <=> Calcarine_R,0.0
Frontal_Sup_Medial_R <=> Calcarine_L,0.0
Frontal_Sup_Medial_R <=> Amygdala_R,0.0
Frontal_Sup_Medial_R <=> Amygdala_L,0.0
Frontal_Sup_Medial_R <=> ParaHippocampal_R,0.0
Frontal_Sup_Medial_R <=> ParaHippocampal_L,0.0
Frontal_Sup_Medial_L <=> Cerebelum_8_R,0.0
Frontal_Sup_Medial_R <=> Parietal_Inf_R,0.0
Frontal_Sup_Medial_L <=> Cerebelum_8_L,0.0
Frontal_Sup_Medial_L <=> Cerebelum_7b_L,0.0
Frontal_Sup_Medial_L <=> Putamen_L,0.0
Frontal_Sup_Medial_L <=> Caudate_R,0.0
Frontal_Sup_Medial_L <=> Caudate_L,0.0
Frontal_Sup_Medial_L <=> Paracentral_Lobule_R,0.0
Frontal_Sup_Medial_L <=> Paracentral_Lobule_L,0.0
Frontal_Sup_Medial_L <=> Precuneus_R,0.0
Frontal_Sup_Medial_L <=> Precuneus_L,0.0
Frontal_Sup_Medial_L <=> Angular_R,0.0
Frontal_Sup_Medial_L <=> Angular_L,0.0
Frontal_Sup_Medial_L <=> SupraMarginal_R,0.0
Frontal_Sup_Medial_L <=> Putamen_R,0.0
Frontal_Sup_Medial_L <=> SupraMarginal_L,0.0
Frontal_Sup_Medial_L <=> Parietal_Inf_L,0.0
Frontal_Sup_Medial_L <=> Parietal_Sup_R,0.0
Frontal_Sup_Medial_L <=> Parietal_Sup_L,0.0
Frontal_Sup_Medial_L <=> Postcentral_R,0.0
Frontal_Sup_Medial_L <=> Postcentral_L,0.0
Frontal_Sup_Medial_L <=> Fusiform_R,0.0
Frontal_Sup_Medial_L <=> Fusiform_L,0.0
Frontal_Sup_Medial_L <=> Occipital_Inf_R,0.0
Frontal_Sup_Medial_L <=> Occipital_Inf_L,0.0
Olfactory_L <=> Rectus_L,0.0
Frontal_Sup_Medial_L <=> Parietal_Inf_R,0.0
Frontal_Sup_Medial_L <=> Pallidum_L,0.0
Frontal_Sup_Medial_L <=> Pallidum_R,0.0
Frontal_Sup_Medial_L <=> Thalamus_L,0.0
Frontal_Sup_Medial_L <=> Cerebelum_6_R,0.0
Frontal_Sup_Medial_L <=> Cerebelum_6_L,0.0
Frontal_Sup_Medial_L <=> Cerebelum_4_5_R,0.0
Frontal_Sup_Medial_L <=> Cerebelum_4_5_L,0.0
Frontal_Sup_Medial_L <=> Cerebelum_3_R,0.0
Frontal_Sup_Medial_L <=> Cerebelum_3_L,0.0
Frontal_Sup_Medial_L <=> Cerebelum_Crus2_R,0.0
Frontal_Sup_Medial_L <=> Cerebelum_Crus2_L,0.0
Frontal_Sup_Medial_L <=> Cerebelum_Crus1_R,0.0
Frontal_Sup_Medial_L <=> Cerebelum_Crus1_L,0.0
Frontal_Sup_Medial_L <=> Temporal_Inf_R,0.0
Frontal_Sup_Medial_L <=> Temporal_Inf_L,0.0
Frontal_Sup_Medial_L <=> Temporal_Pole_Mid_R,0.0
Frontal_Sup_Medial_L <=> Temporal_Pole_Mid_L,0.0
Frontal_Sup_Medial_L <=> Temporal_Mid_R,0.0
Frontal_Sup_Medial_L <=> Temporal_Mid_L,0.0
Frontal_Sup_Medial_L <=> Temporal_Pole_Sup_R,0.0
Frontal_Sup_Medial_L <=> Temporal_Pole_Sup_L,0.0
Frontal_Sup_Medial_L <=> Temporal_Sup_R,0.0
Frontal_Sup_Medial_L <=> Temporal_Sup_L,0.0
Frontal_Sup_Medial_L <=> Heschl_R,0.0
Frontal_Sup_Medial_L <=> Heschl_L,0.0
Frontal_Sup_Medial_L <=> Thalamus_R,0.0
Frontal_Sup_Medial_L <=> Cerebelum_7b_R,0.0
Frontal_Sup_Medial_L <=> Occipital_Mid_L,0.0
Frontal_Sup_Medial_R <=> SupraMarginal_L,0.0
Frontal_Sup_Medial_R <=> Angular_L,0.0
Frontal_Med_Orb_L <=> Occipital_Sup_L,0.0
Frontal_Med_Orb_L <=> Lingual_R,0.0
Frontal_Med_Orb_L <=> Lingual_L,0.0
Frontal_Med_Orb_L <=> Cuneus_R,0.0
Frontal_Med_Orb_L <=> Cuneus_L,0.0
Frontal_Med_Orb_L <=> Calcarine_R,0.0
Frontal_Med_Orb_L <=> Calcarine_L,0.0
Frontal_Med_Orb_L <=> Amygdala_R,0.0
Frontal_Med_Orb_L <=> Amygdala_L,0.0
Frontal_Med_Orb_L <=> ParaHippocampal_R,0.0
Frontal_Med_Orb_L <=> Occipital_Sup_R,0.0
Frontal_Med_Orb_L <=> ParaHippocampal_L,0.0
Frontal_Med_Orb_L <=> Hippocampus_L,0.0
Frontal_Med_Orb_L <=> Cingulum_Post_R,0.0
Frontal_Med_Orb_L <=> Cingulum_Post_L,0.0
Frontal_Med_Orb_L <=> Cingulum_Mid_R,0.0
Frontal_Med_Orb_L <=> Cingulum_Mid_L,0.0
Frontal_Med_Orb_L <=> Cingulum_Ant_R,0.0
Frontal_Med_Orb_L <=> Cingulum_Ant_L,0.0
Frontal_Med_Orb_L <=> Insula_R,0.0
Frontal_Med_Orb_L <=> Insula_L,0.0
Frontal_Med_Orb_L <=> Rectus_R,0.0
Frontal_Med_Orb_L <=> Hippocampus_R,0.0
Frontal_Med_Orb_L <=> Occipital_Mid_L,0.0
Frontal_Med_Orb_L <=> Occipital_Mid_R,0.0
Frontal_Med_Orb_L <=> Occipital_Inf_L,0.0
Frontal_Med_Orb_L <=> Pallidum_R,0.0
Frontal_Med_Orb_L <=> Pallidum_L,0.0
Frontal_Med_Orb_L <=> Putamen_R,0.0
Frontal_Med_Orb_L <=> Putamen_L,0.0
Frontal_Med_Orb_L <=> Caudate_R,0.0
Frontal_Med_Orb_L <=> Caudate_L,0.0
Frontal_Med_Orb_L <=> Paracentral_Lobule_R,0.0
Frontal_Med_Orb_L <=> Paracentral_Lobule_L,0.0
Frontal_Med_Orb_L <=> Precuneus_R,0.0
Frontal_Med_Orb_L <=> Precuneus_L,0.0
Frontal_Med_Orb_L <=> Angular_R,0.0
Frontal_Med_Orb_L <=> Angular_L,0.0
Frontal_Med_Orb_L <=> SupraMarginal_R,0.0
Frontal_Med_Orb_L <=> SupraMarginal_L,0.0
Frontal_Med_Orb_L <=> Parietal_Inf_R,0.0
Frontal_Med_Orb_L <=> Parietal_Inf_L,0.0
Frontal_Med_Orb_L <=> Parietal_Sup_R,0.0
Frontal_Med_Orb_L <=> Parietal_Sup_L,0.0
Frontal_Med_Orb_L <=> Postcentral_R,0.0
Frontal_Med_Orb_L <=> Postcentral_L,0.0
Frontal_Med_Orb_L <=> Fusiform_R,0.0
Frontal_Med_Orb_L <=> Fusiform_L,0.0
Frontal_Med_Orb_L <=> Occipital_Inf_R,0.0
Frontal_Med_Orb_L <=> Rectus_L,0.0
Frontal_Sup_Medial_R <=> SupraMarginal_R,0.0
Frontal_Med_Orb_L <=> Frontal_Med_Orb_R,0.0
Frontal_Sup_Medial_R <=> Vermis_9,0.0
Frontal_Sup_Medial_R <=> Temporal_Pole_Mid_L,0.0
Frontal_Sup_Medial_R <=> Temporal_Mid_R,0.0
Frontal_Sup_Medial_R <=> Temporal_Mid_L,0.0
Frontal_Sup_Medial_R <=> Temporal_Pole_Sup_R,0.0
Frontal_Sup_Medial_R <=> Temporal_Pole_Sup_L,0.0
Frontal_Sup_Medial_R <=> Temporal_Sup_R,0.0
Frontal_Sup_Medial_R <=> Temporal_Sup_L,0.0
Frontal_Sup_Medial_R <=> Heschl_R,0.0
Frontal_Sup_Medial_R <=> Heschl_L,0.0
Frontal_Sup_Medial_R <=> Thalamus_R,0.0
Frontal_Sup_Medial_R <=> Temporal_Pole_Mid_R,0.0
Frontal_Sup_Medial_R <=> Thalamus_L,0.0
Frontal_Sup_Medial_R <=> Pallidum_L,0.0
Frontal_Sup_Medial_R <=> Putamen_R,0.0
Frontal_Sup_Medial_R <=> Putamen_L,0.0
Frontal_Sup_Medial_R <=> Caudate_R,0.0
Frontal_Sup_Medial_R <=> Caudate_L,0.0
Frontal_Sup_Medial_R <=> Paracentral_Lobule_R,0.0
Frontal_Sup_Medial_R <=> Paracentral_Lobule_L,0.0
Frontal_Sup_Medial_R <=> Precuneus_R,0.0
Frontal_Sup_Medial_R <=> Precuneus_L,0.0
Frontal_Sup_Medial_R <=> Angular_R,0.0
Frontal_Sup_Medial_R <=> Pallidum_R,0.0
Frontal_Sup_Medial_R <=> Temporal_Inf_L,0.0
Frontal_Sup_Medial_R <=> Temporal_Inf_R,0.0
Frontal_Sup_Medial_R <=> Cerebelum_Crus1_L,0.0
Frontal_Sup_Medial_R <=> Vermis_8,0.0
Frontal_Sup_Medial_R <=> Vermis_7,0.0
Frontal_Sup_Medial_R <=> Vermis_6,0.0
Frontal_Sup_Medial_R <=> Vermis_4_5,0.0
Frontal_Sup_Medial_R <=> Vermis_3,0.0
Frontal_Sup_Medial_R <=> Vermis_1_2,0.0
Frontal_Sup_Medial_R <=> Cerebelum_10_R,0.0
Frontal_Sup_Medial_R <=> Cerebelum_10_L,0.0
Frontal_Sup_Medial_R <=> Cerebelum_9_R,0.0
Frontal_Sup_Medial_R <=> Cerebelum_9_L,0.0
Frontal_Sup_Medial_R <=> Cerebelum_8_R,0.0
Frontal_Sup_Medial_R <=> Cerebelum_8_L,0.0
Frontal_Sup_Medial_R <=> Cerebelum_7b_R,0.0
Frontal_Sup_Medial_R <=> Cerebelum_7b_L,0.0
Frontal_Sup_Medial_R <=> Cerebelum_6_R,0.0
Frontal_Sup_Medial_R <=> Cerebelum_6_L,0.0
Frontal_Sup_Medial_R <=> Cerebelum_4_5_R,0.0
Frontal_Sup_Medial_R <=> Cerebelum_4_5_L,0.0
Frontal_Sup_Medial_R <=> Cerebelum_3_R,0.0
Frontal_Sup_Medial_R <=> Cerebelum_3_L,0.0
Frontal_Sup_Medial_R <=> Cerebelum_Crus2_R,0.0
Frontal_Sup_Medial_R <=> Cerebelum_Crus2_L,0.0
Frontal_Sup_Medial_R <=> Cerebelum_Crus1_R,0.0
Frontal_Sup_Medial_R <=> Vermis_10,0.0
Frontal_Sup_Medial_L <=> Occipital_Sup_R,0.0
Frontal_Sup_Medial_L <=> Occipital_Mid_R,0.0
Frontal_Sup_Medial_L <=> Lingual_R,0.0
Olfactory_L <=> Cerebelum_8_R,0.0
Olfactory_L <=> Cerebelum_8_L,0.0
Olfactory_L <=> Cerebelum_7b_R,0.0
Olfactory_L <=> Cerebelum_7b_L,0.0
Olfactory_L <=> Cerebelum_6_R,0.0
Olfactory_L <=> Cerebelum_6_L,0.0
Olfactory_L <=> Cerebelum_4_5_R,0.0
Olfactory_L <=> Cerebelum_4_5_L,0.0
Olfactory_L <=> Cerebelum_3_R,0.0
Olfactory_L <=> Cerebelum_3_L,0.0
Olfactory_L <=> Cerebelum_9_L,0.0
Olfactory_L <=> Cerebelum_Crus2_R,0.0
Olfactory_L <=> Cerebelum_Crus1_R,0.0
Olfactory_L <=> Cerebelum_Crus1_L,0.0
Olfactory_L <=> Temporal_Inf_R,0.0
Olfactory_L <=> Temporal_Inf_L,0.0
Olfactory_L <=> Temporal_Pole_Mid_R,0.0
Olfactory_L <=> Temporal_Pole_Mid_L,0.0
Olfactory_L <=> Temporal_Mid_R,0.0
Olfactory_L <=> Temporal_Mid_L,0.0
Olfactory_L <=> Temporal_Pole_Sup_R,0.0
Olfactory_L <=> Temporal_Pole_Sup_L,0.0
Olfactory_L <=> Cerebelum_Crus2_L,0.0
Olfactory_L <=> Cerebelum_9_R,0.0
Olfactory_L <=> Cerebelum_10_L,0.0
Olfactory_L <=> Cerebelum_10_R,0.0
Olfactory_R <=> Hippocampus_L,0.0
Olfactory_R <=> Cingulum_Post_R,0.0
Olfactory_R <=> Cingulum_Post_L,0.0
Olfactory_R <=> Cingulum_Mid_R,0.0
Olfactory_R <=> Cingulum_Mid_L,0.0
Olfactory_R <=> Cingulum_Ant_R,0.0
Olfactory_R <=> Cingulum_Ant_L,0.0
Olfactory_R <=> Insula_R,0.0
Olfactory_R <=> Insula_L,0.0
Olfactory_R <=> Rectus_R,0.0
Olfactory_R <=> Rectus_L,0.0
Olfactory_R <=> Frontal_Med_Orb_R,0.0
Olfactory_R <=> Frontal_Med_Orb_L,0.0
Olfactory_R <=> Frontal_Sup_Medial_R,0.0
Olfactory_R <=> Frontal_Sup_Medial_L,0.0
Olfactory_L <=> Vermis_10,0.0
Olfactory_L <=> Vermis_9,0.0
Olfactory_L <=> Vermis_8,0.0
Olfactory_L <=> Vermis_7,0.0
Olfactory_L <=> Vermis_6,0.0
Olfactory_L <=> Vermis_4_5,0.0
Olfactory_L <=> Vermis_3,0.0
Olfactory_L <=> Vermis_1_2,0.0
Olfactory_L <=> Temporal_Sup_R,0.0
Olfactory_L <=> Temporal_Sup_L,0.0
Olfactory_L <=> Heschl_R,0.0
Olfactory_L <=> Heschl_L,0.0
Olfactory_L <=> Occipital_Mid_L,0.0
Olfactory_L <=> Occipital_Sup_R,0.0
Olfactory_L <=> Occipital_Sup_L,0.0
Olfactory_L <=> Lingual_R,0.0
Olfactory_L <=> Lingual_L,0.0
Olfactory_L <=> Cuneus_R,0.0
Olfactory_L <=> Cuneus_L,0.0
Olfactory_L <=> Calcarine_R,0.0
Olfactory_L <=> Calcarine_L,0.0
Olfactory_L <=> Amygdala_R,0.0
Olfactory_L <=> Amygdala_L,0.0
Olfactory_L <=> ParaHippocampal_R,0.0
Olfactory_L <=> ParaHippocampal_L,0.0
Olfactory_L <=> Hippocampus_R,0.0
Olfactory_L <=> Hippocampus_L,0.0
Olfactory_L <=> Cingulum_Post_R,0.0
Olfactory_L <=> Cingulum_Post_L,0.0
Olfactory_L <=> Cingulum_Mid_R,0.0
Olfactory_L <=> Cingulum_Mid_L,0.0
Olfactory_L <=> Cingulum_Ant_R,0.0
Olfactory_L <=> Cingulum_Ant_L,0.0
Olfactory_L <=> Insula_R,0.0
Olfactory_L <=> Insula_L,0.0
Olfactory_L <=> Occipital_Mid_R,0.0
Frontal_Sup_Medial_L <=> Occipital_Sup_L,0.0
Olfactory_L <=> Occipital_Inf_L,0.0
Olfactory_L <=> Fusiform_L,0.0
Olfactory_L <=> Thalamus_R,0.0
Olfactory_L <=> Thalamus_L,0.0
Olfactory_L <=> Pallidum_R,0.0
Olfactory_L <=> Pallidum_L,0.0
Olfactory_L <=> Putamen_R,0.0
Olfactory_L <=> Putamen_L,0.0
Olfactory_L <=> Caudate_R,0.0
Olfactory_L <=> Caudate_L,0.0
Olfactory_L <=> Paracentral_Lobule_R,0.0
Olfactory_L <=> Paracentral_Lobule_L,0.0
Olfactory_L <=> Precuneus_R,0.0
Olfactory_L <=> Precuneus_L,0.0
Olfactory_L <=> Angular_R,0.0
Olfactory_L <=> Angular_L,0.0
Olfactory_L <=> SupraMarginal_R,0.0
Olfactory_L <=> SupraMarginal_L,0.0
Olfactory_L <=> Parietal_Inf_R,0.0
Olfactory_L <=> Parietal_Inf_L,0.0
Olfactory_L <=> Parietal_Sup_R,0.0
Olfactory_L <=> Parietal_Sup_L,0.0
Olfactory_L <=> Postcentral_R,0.0
Olfactory_L <=> Postcentral_L,0.0
Olfactory_L <=> Fusiform_R,0.0
Olfactory_L <=> Occipital_Inf_R,0.0
Olfactory_R <=> ParaHippocampal_L,0.0
Olfactory_R <=> Hippocampus_R,0.0
Olfactory_R <=> Amygdala_L,0.0
Olfactory_R <=> Vermis_8,0.0
Olfactory_R <=> Vermis_7,0.0
Olfactory_R <=> Vermis_6,0.0
Olfactory_R <=> Vermis_4_5,0.0
Olfactory_R <=> Vermis_3,0.0
Olfactory_R <=> Vermis_1_2,0.0
Olfactory_R <=> Cerebelum_10_R,0.0
Olfactory_R <=> Cerebelum_10_L,0.0
Olfactory_R <=> Cerebelum_9_R,0.0
Olfactory_R <=> Cerebelum_9_L,0.0
Olfactory_R <=> Vermis_9,0.0
Olfactory_R <=> Cerebelum_8_R,0.0
Olfactory_R <=> Cerebelum_7b_R,0.0
Olfactory_R <=> Cerebelum_7b_L,0.0
Olfactory_R <=> Cerebelum_6_R,0.0
Olfactory_R <=> Cerebelum_6_L,0.0
Olfactory_R <=> Cerebelum_4_5_R,0.0
Olfactory_R <=> Cerebelum_4_5_L,0.0
Olfactory_R <=> Cerebelum_3_R,0.0
Olfactory_R <=> Cerebelum_3_L,0.0
Olfactory_R <=> Cerebelum_Crus2_R,0.0
Olfactory_R <=> Cerebelum_Crus2_L,0.0
Olfactory_R <=> Cerebelum_8_L,0.0
Olfactory_R <=> ParaHippocampal_R,0.0
Olfactory_R <=> Vermis_10,0.0
Frontal_Sup_Medial_L <=> Frontal_Med_Orb_L,0.0
Frontal_Sup_Medial_L <=> Lingual_L,0.0
Frontal_Sup_Medial_L <=> Cuneus_R,0.0
Frontal_Sup_Medial_L <=> Cuneus_L,0.0
Frontal_Sup_Medial_L <=> Calcarine_R,0.0
Frontal_Sup_Medial_L <=> Calcarine_L,0.0
Frontal_Sup_Medial_L <=> Amygdala_R,0.0
Frontal_Sup_Medial_L <=> Amygdala_L,0.0
Frontal_Sup_Medial_L <=> ParaHippocampal_R,0.0
Frontal_Sup_Medial_L <=> ParaHippocampal_L,0.0
Frontal_Sup_Medial_L <=> Hippocampus_R,0.0
Frontal_Sup_Medial_L <=> Frontal_Sup_Medial_R,0.0
Frontal_Sup_Medial_L <=> Hippocampus_L,0.0
Frontal_Sup_Medial_L <=> Cingulum_Post_L,0.0
Frontal_Sup_Medial_L <=> Cingulum_Mid_R,0.0
Frontal_Sup_Medial_L <=> Cingulum_Mid_L,0.0
Frontal_Sup_Medial_L <=> Cingulum_Ant_R,0.0
Frontal_Sup_Medial_L <=> Cingulum_Ant_L,0.0
Frontal_Sup_Medial_L <=> Insula_R,0.0
Frontal_Sup_Medial_L <=> Insula_L,0.0
Frontal_Sup_Medial_L <=> Rectus_R,0.0
Frontal_Sup_Medial_L <=> Rectus_L,0.0
Frontal_Sup_Medial_L <=> Frontal_Med_Orb_R,0.0
Frontal_Sup_Medial_L <=> Cingulum_Post_R,0.0
Olfactory_R <=> Cerebelum_Crus1_L,0.0
Olfactory_R <=> Cerebelum_Crus1_R,0.0
Olfactory_R <=> Temporal_Inf_L,0.0
Olfactory_R <=> SupraMarginal_L,0.0
Olfactory_R <=> Parietal_Inf_R,0.0
Olfactory_R <=> Parietal_Inf_L,0.0
Olfactory_R <=> Parietal_Sup_R,0.0
Olfactory_R <=> Parietal_Sup_L,0.0
Olfactory_R <=> Postcentral_R,0.0
Olfactory_R <=> Postcentral_L,0.0
Olfactory_R <=> Fusiform_R,0.0
Olfactory_R <=> Fusiform_L,0.0
Olfactory_R <=> Occipital_Inf_R,0.0
Olfactory_R <=> Temporal_Inf_R,0.0
Olfactory_R <=> Occipital_Inf_L,0.0
Olfactory_R <=> Occipital_Mid_L,0.0
Olfactory_R <=> Occipital_Sup_R,0.0
Olfactory_R <=> Occipital_Sup_L,0.0
Olfactory_R <=> Lingual_R,0.0
Olfactory_R <=> Lingual_L,0.0
Olfactory_R <=> Cuneus_R,0.0
Olfactory_R <=> Cuneus_L,0.0
Olfactory_R <=> Calcarine_R,0.0
Olfactory_R <=> Calcarine_L,0.0
Olfactory_R <=> Amygdala_R,0.0
Olfactory_R <=> Occipital_Mid_R,0.0
Olfactory_R <=> Angular_L,0.0
Olfactory_R <=> SupraMarginal_R,0.0
Olfactory_R <=> Precuneus_L,0.0
Olfactory_R <=> Temporal_Pole_Mid_R,0.0
Olfactory_R <=> Temporal_Pole_Mid_L,0.0
Olfactory_R <=> Temporal_Mid_R,0.0
Olfactory_R <=> Temporal_Mid_L,0.0
Olfactory_R <=> Temporal_Pole_Sup_R,0.0
Olfactory_R <=> Temporal_Pole_Sup_L,0.0
Olfactory_R <=> Temporal_Sup_R,0.0
Olfactory_R <=> Temporal_Sup_L,0.0
Olfactory_R <=> Heschl_R,0.0
Olfactory_R <=> Heschl_L,0.0
Olfactory_R <=> Angular_R,0.0
Olfactory_R <=> Thalamus_R,0.0
random_feature,0.0
Olfactory_R <=> Thalamus_L,0.0
Olfactory_R <=> Pallidum_R,0.0
Olfactory_R <=> Pallidum_L,0.0
Olfactory_R <=> Putamen_R,0.0
Olfactory_R <=> Putamen_L,0.0
Olfactory_R <=> Caudate_R,0.0
Olfactory_R <=> Caudate_L,0.0
Olfactory_R <=> Paracentral_Lobule_R,0.0
Olfactory_R <=> Paracentral_Lobule_L,0.0
Olfactory_R <=> Precuneus_R,0.0
Cingulum_Mid_L <=> Cingulum_Mid_R,0.0018590474133837408
Cingulum_Ant_R <=> SupraMarginal_L,0.003931183367910584
Cingulum_Ant_R <=> Temporal_Mid_L,0.004781381773850168
Frontal_Inf_Orb_L <=> Amygdala_L,0.006430995186032429
Insula_R <=> Temporal_Sup_R_diff_Cerebelum_3_L <=> Vermis_1_2,0.03143178497651744
Temporal_Inf_R <=> Cerebelum_7b_L_ratio_Frontal_Inf_Oper_L <=> Supp_Motor_Area_L,0.07603642152610457
